1001553 0 2
1003105 2 4
1003177 0 2
1003323 1 2
1004877 1 3
1005085 2 3
1006748 2 3
1006815 0 2
1008454 1 3
1009621 1 3
1012388 1 2
1012509 1 2
1013075 0 2
1019300 1 1
1023154 1 3
1023168 1 3
1023753 1 3
1027134 1 2
1027278 0 2
1027313 0 2
1027983 1 2
1030126 1 2
1031279 1 2
1033513 0 2
1036365 3 4
1036952 0 2
1037507 1 2
1038689 0 2
1042592 0 2
1043602 1 3
1043788 1 3
1043973 1 2
1045685 0 2
1049338 1 2
1049558 0 1
1051607 1 2
1052312 0 1
1055488 0 2
1057856 0 2
1059315 0 2
1060224 2 3
1060297 0 1
1060617 1 3
1060793 1 2
1061767 0 2
1062880 0 1
1063523 1 2
1068917 1 2
1069510 1 2
1072299 2 3
1075100 1 2
1075740 1 3
1076671 1 3
1078494 0 2
1079059 2 3
1079679 1 2
1084667 0 2
1085789 1 3
1087419 1 2
1088220 1 2
1088447 1 2
1088596 0 2
1089340 1 2
1089956 2 3
1090805 0 2
1091016 2 3
1091886 1 3
1092812 1 3
1093616 1 2
1094442 0 1
1094676 1 3
1098180 2 3
1098358 2 3
1099356 0 2
1101000 0 2
1101325 1 3
1101778 2 3
1101784 1 3
1102100 1 2
1102159 1 3
1104161 1 3
1105844 1 1
1106075 1 3
1107903 0 2
1109639 1 3
1112429 2 3
1112586 1 3
1113839 1 2
1116114 1 2
1120293 1 2
1120717 1 2
1121305 1 3
1123116 1 2
1123337 2 3
1124795 1 2
1125469 1 3
1127994 0 1
1128583 2 3
1129640 0 2
1129830 1 2
1133396 2 4
1135418 1 3
1135902 0 2
1137386 1 2
1137973 1 2
1138393 0 1
1141102 1 2
1141249 1 2
1145973 2 2
1147182 1 2
1147583 1 2
1147604 1 3
1147822 2 2
1148274 1 3
1148911 1 1
1149389 0 2
1151766 1 3
1151816 1 2
1152897 0 2
1153555 0 2
1153827 0 2
1155196 1 2
1156688 -1 0
1156718 0 2
1157206 1 3
1157399 1 2
1158104 2 3
1158299 0 2
1158384 1 2
1160471 1 2
1160907 1 3
1164123 0 1
1165429 1 2
1165651 1 2
1166300 1 2
1167280 1 2
1168100 1 2
1170564 1 2
1171933 1 2
1172652 1 2
1173750 1 3
1175022 0 2
1175766 0 2
1176627 1 2
1177068 1 2
1177578 2 3
1178335 0 1
1179098 1 2
1179333 0 2
1181025 1 2
1184095 1 2
1185237 1 2
1186163 1 3
1186264 2 3
1190161 1 2
1191560 1 3
1193327 2 4
1194700 1 2
1194860 1 3
1196200 2 3
1197527 0 2
1198540 1 2
1198805 2 4
1200109 1 3
1203290 0 2
1204256 1 2
1204952 0 2
1205641 2 3
1207016 0 1
1207796 1 2
1208793 1 2
1210382 1 2
1212379 1 3
1213144 1 2
1213661 1 2
1215725 0 2
1217350 1 2
1217757 2 4
1218404 0 2
1218473 2 4
1218870 0 1
1219551 0 1
1220515 0 2
1223452 0 2
1228801 1 3
1230751 0 1
1234402 2 3
1236028 0 1
1236838 1 2
1237366 2 3
1239792 2 3
1240038 1 3
1240815 0 2
1242194 0 1
1243563 2 3
1245026 1 3
1245793 1 2
1246405 1 3
1246712 2 3
1253518 1 3
1254339 1 2
1254682 1 2
1255220 1 3
1255416 1 2
1256298 1 2
1256708 0 2
1260296 2 3
1261389 1 2
1263382 0 1
1264271 0 2
1264943 0 2
1265893 0 1
1267284 1 2
1269544 1 2
1271464 1 2
1271897 1 3
1272864 0 1
1272885 1 2
1273702 1 3
1276077 0 2
1281539 1 3
1282848 2 3
1284733 0 2
1286921 2 3
1286930 1 3
1287511 1 2
1291074 0 2
1291991 0 2
1292325 0 1
1296145 1 3
1296204 1 2
1296800 1 2
1297177 1 3
1297713 3 5
1300094 0 1
1300951 1 2
1301341 1 2
1301497 -1 1
1302788 0 1
1303064 1 3
1307345 1 3
1308075 1 3
1308892 1 2
1309884 1 3
1310313 3 4
1311397 1 3
1315083 1 2
1316244 1 2
1319587 1 2
1320442 1 2
1320559 0 2
1326489 1 2
1327298 1 2
1327618 0 2
1327689 1 2
1329938 -1 1
1332714 1 2
1334197 0 2
1335757 1 3
1336389 1 3
1337697 0 2
1338345 1 2
1338880 2 3
1342552 1 3
1342573 2 4
1343112 1 2
1345676 0 1
1346050 1 2
1346218 1 2
1349446 1 3
1350680 1 2
1351156 1 2
1351291 3 4
1352181 1 3
1354553 1 2
1354670 0 2
1354876 1 2
1356358 1 3
1356390 0 2
1356415 0 1
1357530 1 2
1358002 1 2
1358411 1 2
1360005 0 2
1361117 1 3
1362473 1 3
1362641 -1 1
1363291 0 1
1364364 -1 1
1366783 0 1
1368479 0 2
1371495 1 2
1373775 1 2
1374587 0 1
1375206 0 2
1375257 0 2
1376252 0 2
1378512 1 3
1381676 2 3
1382302 1 2
1383656 1 2
1384872 1 2
1385247 1 3
1385346 0 2
1385456 1 2
1387234 1 2
1388057 1 2
1388451 0 2
1388513 0 1
1389142 1 2
1389972 0 1
1390030 1 3
1391595 1 3
1394413 1 2
1396345 0 2
1397578 0 1
1398872 0 2
1399699 1 2
1404425 1 3
1404975 1 2
1406685 1 2
1408858 2 2
1411466 0 2
1413621 1 2
1414341 0 2
1414921 0 1
1415430 0 1
1416615 2 3
1417323 1 3
1422195 1 2
1423649 1 3
1423999 0 2
1424036 1 2
1425449 -1 0
1426203 1 3
1426510 1 2
1427678 1 2
1427684 2 3
1429487 0 2
1430567 0 2
1432473 2 3
1433141 2 3
1434180 1 3
1437752 2 3
1439780 1 2
1440172 0 2
1441230 0 2
1441566 1 2
1442005 0 2
1442733 1 2
1443565 1 3
1444520 1 3
1445903 1 2
1446944 1 2
1447251 0 1
1448170 2 3
1449937 2 3
1452200 1 2
1452599 2 4
1455467 0 2
1455753 1 2
1456765 1 2
1458778 1 2
1462308 1 3
1463359 1 2
1463654 0 2
1474231 0 2
1475464 1 3
1476314 1 3
1476449 1 3
1479992 2 3
1482234 1 2
1483742 1 3
1483920 1 2
1484960 1 2
1486578 1 2
1487421 1 2
1489525 0 2
1493022 1 2
1493084 1 2
1494515 1 2
1494961 1 2
1496241 1 2
1497507 0 2
1498452 1 2
1498735 1 3
1499492 1 3
1499732 1 2
1500066 1 3
1505952 2 3
1510346 1 3
1512088 1 2
1512437 1 2
1512943 0 2
1513028 2 3
1513120 0 1
1516152 0 2
1516594 1 2
1520230 0 2
1522047 1 2
1522615 1 2
1525431 2 3
1525760 1 3
1526531 1 2
1526554 1 3
1528896 1 2
1530009 0 2
1532778 1 2
1535399 2 3
1536281 1 2
1538140 1 2
1543660 1 2
1543859 2 3
1545650 1 3
1546459 1 3
1547387 0 2
1548315 1 3
1548511 1 2
1549124 1 2
1550249 1 2
1551290 0 2
1552177 1 2
1554850 1 2
1555477 1 3
1556256 1 3
1558826 1 3
1559971 -1 1
1561747 1 2
1561967 0 2
1562888 0 1
1564904 1 3
1566972 1 2
1567848 1 2
1570669 0 2
1572747 0 1
1573017 3 3
1573579 0 2
1574079 1 2
1575392 0 1
1575673 2 3
1577234 1 2
1577577 2 3
1581609 1 1
1585150 2 2
1587185 1 3
1588859 2 3
1589561 1 2
1589670 1 2
1596695 1 2
1600332 1 2
1603613 1 2
1606482 0 2
1608004 1 2
1609021 1 3
1610725 1 3
1612341 2 4
1613900 2 3
1614052 1 3
1615252 1 3
1616418 0 2
1616759 1 1
1618722 0 2
1620193 2 4
1620222 1 2
1621079 1 2
1623402 1 2
1624104 1 3
1627571 0 1
1627891 1 3
1628965 1 2
1629435 1 3
1630277 1 2
1631921 1 2
1632580 1 2
1633154 1 3
1633714 1 3
1633918 0 1
1633941 2 3
1634689 1 3
1635636 0 2
1637387 0 1
1639355 2 3
1640447 1 3
1643099 1 2
1649181 1 3
1650578 0 1
1651500 2 3
1653148 0 2
1653165 0 2
1653172 2 3
1654588 1 2
1655666 0 2
1656935 2 3
1657359 1 2
1657542 1 3
1659097 0 2
1659196 1 2
1660021 1 2
1660329 2 4
1660410 0 2
1660579 1 3
1660724 0 1
1662456 1 3
1662806 1 2
1662945 1 2
1665903 1 2
1667741 0 1
1668848 2 3
1672636 0 1
1673084 1 2
1674400 0 2
1675855 1 2
1677468 3 4
1677963 3 4
1681095 0 2
1681175 1 2
1681222 2 3
1681764 1 2
1684897 1 3
1686650 1 2
1687729 1 3
1689253 1 2
1690999 3 4
1691169 0 1
1691919 0 1
1692689 2 3
1693326 2 3
1694650 2 3
1697389 1 3
1697832 2 3
1699606 1 2
1701641 1 3
1704737 2 3
1706546 1 3
1710457 1 2
1710972 1 3
1710994 1 2
1712450 1 2
1712657 1 2
1712865 1 2
1713882 1 2
1714201 1 3
1718633 1 3
1718758 0 1
1719148 1 2
1719353 1 2
1719960 1 2
1721601 0 2
1723052 1 2
1723417 2 3
1724221 0 2
1726128 2 3
1729085 2 3
1730732 0 2
1732961 3 4
1733743 0 2
1733881 2 3
1743782 1 2
1743978 0 2
1744266 1 3
1749138 1 3
1749927 1 3
1750782 2 3
1751537 1 2
1752321 1 2
1752456 1 2
1752968 2 3
1755248 0 1
1755974 1 3
1756156 2 3
1760343 1 3
1761514 0 1
1762497 1 2
1763787 1 2
1763948 1 2
1765168 2 3
1770336 1 2
1771988 2 3
1772157 1 3
1772300 0 1
1772626 0 2
1773691 0 2
1774267 1 3
1776185 1 2
1782820 1 3
1786613 1 2
1786703 1 2
1789120 1 3
1791066 1 3
1795978 1 2
1797714 1 2
1798472 1 3
1800471 1 2
1801038 1 3
1802491 0 2
1803482 1 3
1803545 1 2
1811526 0 2
1813811 1 2
1816630 1 2
1817421 0 1
1818034 1 3
1818378 1 3
1818830 2 4
1818985 0 2
1819321 1 2
1823245 0 2
1827720 1 2
1828859 1 2
1829184 2 3
1829464 2 3
1829687 1 2
1831025 1 2
1832265 0 2
1833288 1 2
1833911 1 2
1837046 1 2
1837361 1 3
1838690 1 3
1839099 0 2
1841880 0 2
1842378 0 2
1843512 0 1
1844668 0 1
1844840 0 2
1846274 2 3
1848251 1 4
1848741 0 2
1849804 1 2
1850061 1 2
1850247 2 3
1851011 1 2
1852305 1 3
1852831 0 2
1855543 1 2
1856438 2 3
1857320 1 2
1859273 1 2
1862980 2 3
1865071 1 2
1866055 1 3
1868114 1 3
1870390 1 2
1871465 1 3
1871506 0 2
1872295 0 2
1873631 2 3
1875383 0 1
1876341 1 2
1876526 1 2
1877697 1 2
1877709 2 3
1877821 0 2
1879564 0 2
1879634 0 2
1881960 0 2
1883621 1 2
1885175 0 2
1888839 1 3
1889932 1 3
1891357 1 2
1891480 1 3
1894530 0 2
1895140 1 2
1895201 1 4
1895666 0 2
1896325 1 2
1896623 1 2
1897626 2 3
1897788 2 4
1897981 1 3
1902598 0 1
1913172 0 2
1914079 1 2
1918286 -1 1
1918545 1 3
1919406 2 3
1919439 1 3
1920920 1 3
1921926 0 2
1922196 1 1
1924251 1 3
1924718 1 3
1927192 1 2
1927214 1 3
1929686 2 3
1930752 1 2
1931853 1 2
1937467 1 2
1937886 1 1
1940736 1 3
1941613 1 2
1942171 1 2
1944120 1 2
1945827 2 3
1945962 0 1
1946711 0 2
1947620 0 2
1947719 1 3
1949692 1 2
1950161 1 3
1950994 1 2
1951224 1 3
1952615 1 2
1955192 2 3
1956587 0 1
1958134 0 1
1958156 0 2
1959353 0 2
1959984 1 3
1960755 1 2
1962935 1 2
1963427 1 2
1964022 2 3
1964677 0 1
1966064 1 2
1966266 0 2
1966729 2 3
1968135 1 2
1970407 1 3
1971487 2 3
1973474 0 3
1973627 0 1
1974581 0 2
1976202 1 2
1977272 1 2
1980936 0 2
1982116 0 1
1982630 1 2
1983367 1 3
1984020 -1 1
1985289 2 3
1985333 1 2
1985596 2 3
1990935 1 3
1992668 0 2
1994854 1 2
1995221 1 2
1995900 1 2
1996836 1 1
1998041 0 2
1998901 -1 -1
1999124 0 2
2001166 0 2
2001559 0 1
2003088 1 2
2003250 0 2
2004168 0 2
2006690 2 2
2007613 1 2
2008476 1 2
2010256 0 2
2011092 3 4
2012296 1 2
2018258 1 2
2020435 1 3
2022533 2 3
2022651 1 2
2022821 0 1
2023029 2 2
2024721 1 2
2026269 2 3
2026768 1 2
2027170 0 2
2027249 3 4
2027989 1 2
2032209 1 2
2032380 0 2
2032428 1 2
2033648 1 3
2034063 1 2
2036041 1 2
2036817 1 2
2039678 1 3
2043075 1 2
2043888 2 3
2044048 0 1
2044130 0 2
2045677 0 2
2046665 -1 1
2047775 2 3
2049218 0 1
2050783 2 3
2052587 0 2
2052890 1 2
2054387 2 3
2054611 1 2
2057267 0 2
2057922 1 2
2058312 2 4
2059070 1 2
2060269 1 2
2061297 1 2
2061674 2 3
2062154 1 2
2062956 1 2
2063359 -1 1
2064475 2 3
2065277 -1 1
2065722 1 2
2071168 2 3
2072980 1 2
2074343 1 2
2075178 2 3
2077878 0 2
2078625 0 2
2080518 0 2
2081502 2 3
2084675 1 3
2087049 1 2
2088384 2 4
2090363 1 3
2091571 2 3
2095958 0 2
2096348 1 2
2098212 1 3
2098585 1 2
2098854 0 3
2099694 1 3
2100507 1 3
2100919 -1 2
2104802 -1 1
2105269 1 3
2106630 -1 1
2109140 1 3
2109610 1 1
2111295 1 3
2111382 2 3
2115835 1 3
2116236 2 3
2117456 0 2
2119307 3 4
2120360 -1 0
2121036 1 3
2122272 0 2
2122832 1 2
2122992 1 3
2123364 2 3
2124764 1 3
2124880 0 2
2126247 0 2
2126843 1 2
2128664 0 1
2129031 1 3
2130994 2 3
2132324 1 2
2133012 2 3
2137958 0 2
2140340 1 2
2142768 0 2
2146769 1 2
2147130 2 2
2151326 1 2
2151563 2 4
2151758 1 3
2152104 2 3
2152357 1 3
2156484 1 2
2157376 0 2
2157811 1 3
2158235 1 1
2158349 1 2
2158718 1 3
2160330 1 2
2165793 1 2
2165812 0 2
2166947 1 2
2167006 1 2
2167320 1 3
2168386 1 2
2168687 0 1
2169023 0 2
2174183 1 2
2176252 0 1
2176872 0 2
2179360 2 3
2179640 2 3
2180070 2 4
2180494 1 2
2181874 0 2
2183338 1 3
2185279 1 3
2186242 2 3
2188476 1 2
2188864 3 4
2190802 1 2
2191230 1 2
2193056 1 2
2194188 0 2
2194325 0 2
2194520 0 2
2194757 1 2
2195167 2 3
2195200 0 2
2199730 0 1
2201761 2 2
2203229 1 2
2203398 1 3
2205207 1 2
2207317 1 2
2208439 2 4
2208504 1 2
2212342 0 2
2212813 1 2
2215980 1 2
2218937 1 2
2219126 1 2
2221741 1 3
2222615 1 2
2222753 1 3
2222761 0 2
2222920 1 3
2223083 1 2
2223416 1 2
2226424 1 2
2229831 1 3
2232499 1 2
2232924 0 1
2233068 1 2
2233762 1 2
2233953 1 3
2236351 0 2
2237422 1 2
2239958 0 1
2240685 1 2
2242220 1 3
2242819 1 3
2242904 0 2
2243079 1 2
2244984 0 2
2248093 1 2
2248869 0 2
2251330 1 2
2252292 1 2
2252457 1 2
2252636 1 2
2253233 1 3
2253710 2 3
2254395 1 2
2255405 2 3
2258590 0 1
2261037 1 3
2262619 1 1
2262709 1 2
2264730 0 1
2265751 1 2
2268459 2 2
2268734 1 2
2269426 2 3
2269562 0 1
2270539 3 4
2270741 2 3
2271360 1 2
2272838 2 3
2274023 0 2
2278341 0 2
2279856 1 2
2280092 1 3
2280186 0 2
2280473 0 2
2280939 2 4
2283453 0 1
2284632 0 2
2285482 2 3
2287734 0 2
2289115 0 1
2290137 3 4
2290830 3 4
2291139 -1 1
2292248 1 2
2294278 1 2
2297055 1 3
2297396 1 1
2297452 1 2
2303042 0 2
2303968 0 2
2304311 1 2
2306390 0 1
2307467 1 2
2309852 1 3
2310058 0 2
2310249 0 1
2310615 1 3
2312900 1 2
2316626 1 2
2317685 1 3
2320123 1 2
2321173 0 2
2322004 0 1
2322326 0 2
2323100 0 1
2324780 1 2
2326690 2 3
2327275 1 2
2328091 1 2
2328211 3 4
2328823 0 2
2329415 1 2
2329609 1 2
2331114 2 3
2331379 3 4
2331609 1 3
2336430 1 3
2336814 1 3
2337101 1 2
2338796 0 2
2339160 2 2
2340815 1 2
2341371 0 2
2341518 1 2
2342501 0 2
2342960 1 3
2346405 0 2
2348626 1 3
2349941 1 2
2350302 0 1
2350576 1 2
2351521 0 1
2352240 0 2
2353722 -1 1
2354195 1 2
2355897 1 2
2356186 2 3
2356579 2 3
2359570 0 2
2362458 2 4
2366775 1 3
2367206 1 3
2370254 1 3
2371542 0 1
2371626 1 3
2372125 1 2
2374239 2 3
2376124 1 2
2377449 0 2
2380745 1 3
2381179 0 2
2382085 1 2
2383668 1 2
2385033 0 1
2385445 1 3
2386227 1 3
2386435 1 2
2387306 0 2
2388193 1 2
2388455 1 2
2389960 0 1
2390952 2 3
2394356 1 2
2396252 1 2
2399034 1 3
2399697 0 2
2399712 2 3
2400807 1 2
2401560 1 2
2406680 1 2
2407128 1 2
2407202 0 2
2411840 1 2
2413856 1 3
2414278 0 2
2415047 1 1
2415615 1 2
2416418 0 1
2416462 0 2
2416999 1 3
2417046 2 3
2418214 1 2
2424964 0 2
2425098 0 2
2430261 0 2
2432774 0 1
2434055 1 3
2434404 1 3
2436522 1 2
2437732 2 3
2439999 1 2
2442575 1 2
2442997 1 3
2443543 0 1
2444057 1 2
2444198 1 3
2444879 1 2
2446569 2 3
2447246 2 3
2450304 1 2
2450655 0 2
2451173 1 2
2452118 0 2
2456454 1 3
2456849 1 3
2459439 0 1
2460735 1 2
2461787 3 5
2462857 1 2
2466206 0 2
2466446 0 2
2469937 1 2
2470588 0 2
2472035 1 3
2475110 1 2
2476071 0 2
2476394 1 3
2478579 2 3
2479790 1 2
2481331 1 2
2481716 1 3
2482357 1 3
2483140 1 3
2484256 0 2
2484485 0 1
2485225 1 2
2487047 0 2
2488087 1 2
2490489 1 2
2492675 0 2
2493551 1 1
2494358 0 2
2495101 1 2
2496152 1 2
2496888 0 1
2497183 0 2
2497233 0 2
2497341 1 2
2501014 1 2
2502177 1 2
2502364 1 3
2506012 1 2
2506458 2 3
2507261 1 3
2507837 1 3
2511773 0 2
2512904 1 3
2512949 1 3
2515439 1 2
2517551 0 1
2517829 1 2
2518137 1 3
2521948 1 2
2524280 2 3
2525272 0 2
2525408 0 1
2526686 1 3
2527692 1 2
2529178 1 3
2532816 2 3
2534790 3 4
2536860 2 3
2538647 1 3
2541455 0 3
2544553 0 2
2544645 2 3
2547962 2 3
2550649 1 2
2552225 1 2
2552693 0 1
2559252 1 3
2559444 1 2
2561295 1 3
2562883 1 2
2564034 3 4
2564985 2 3
2565973 2 4
2566708 1 2
2568644 1 3
2568893 1 2
2569362 1 2
2569482 1 2
2570292 1 3
2570316 0 1
2570900 1 3
2571617 0 2
2572753 1 2
2574652 0 1
2582205 2 4
2582976 2 3
2585387 2 3
2586032 1 2
2589322 -1 1
2593377 0 2
2595163 1 2
2595176 1 3
2596169 1 2
2596556 2 3
2600186 0 2
2600607 1 2
2602182 1 2
2606880 1 2
2607400 1 3
2607669 0 2
2610352 1 2
2610543 1 3
2612243 0 1
2613724 2 3
2614643 0 2
2615786 1 2
2616325 2 3
2618969 1 3
2619595 0 2
2620131 0 1
2621392 2 3
2621822 0 2
2623109 1 2
2624031 0 1
2625149 1 2
2625384 0 1
2625453 2 3
2627103 1 2
2628396 1 2
2631672 2 3
2632771 2 3
2632821 1 2
2634490 0 2
2636549 0 2
2636799 1 3
2639534 1 2
2640254 1 3
2640874 1 2
2641882 1 2
2644284 1 2
2647410 0 1
2651164 1 2
2652592 1 3
2659978 1 2
2660234 1 2
2664233 1 3
2665563 1 3
2666154 1 2
2666827 1 3
2675101 1 3
2675844 1 2
2678071 1 1
2679335 1 2
2682116 0 1
2683940 1 2
2685458 1 2
2688358 1 3
2689773 1 2
2689795 1 2
2689946 1 3
2690616 1 2
2691955 0 1
2697842 1 2
2701289 1 3
2705308 2 3
2705555 1 2
2706290 1 2
2707906 1 2
2711900 1 3
2713608 1 2
2714810 0 1
2718204 1 3
2718811 1 2
2719995 1 2
2720679 1 3
2725138 2 3
2726123 1 2
2726208 2 3
2727081 1 2
2727370 0 1
2730204 1 2
2733015 1 2
2733057 1 2
2736207 1 3
2736394 2 4
2737367 0 2
2737982 0 2
2738590 1 2
2739785 1 2
2740024 2 3
2740288 2 3
2741235 1 3
2743300 1 3
2743423 1 2
2743824 -1 1
2743897 1 2
2746259 0 1
2747343 0 2
2754823 1 2
2755291 1 2
2755648 1 2
2756016 1 2
2756335 1 3
2756397 0 2
2757203 0 2
2757900 1 3
2758407 1 3
2764975 1 2
2766589 1 3
2767071 1 2
2769460 2 3
2770847 2 4
2771540 0 3
2771909 0 2
2772075 1 2
2773673 1 3
2773681 2 3
2774050 0 2
2774262 0 2
2776347 1 3
2778054 0 1
2778929 1 2
2778961 0 2
2779086 4 5
2782740 1 3
2784415 2 3
2784609 1 2
2784702 1 2
2785688 1 2
2789090 2 2
2789363 1 2
2789962 1 2
2789993 0 2
2790284 1 2
2790387 1 2
2790540 0 1
2791444 1 2
2791555 0 2
2791705 1 1
2795071 1 2
2798636 0 2
2799605 0 2
2800053 0 2
2800369 1 2
2802127 1 2
2802148 1 1
2803551 1 2
2804612 1 2
2808973 1 3
2813878 0 2
2816768 1 3
2816948 0 2
2819103 0 2
2821194 1 2
2824375 1 2
2825368 2 3
2828182 1 3
2830756 2 3
2830871 1 2
2832387 0 2
2833069 1 3
2834833 2 3
2836895 2 3
2842310 2 3
2845143 0 2
2845327 0 2
2846236 1 3
2852774 1 2
2853574 1 2
2854329 3 5
2854473 0 1
2855221 1 2
2855595 0 1
2856101 1 3
2860204 0 2
2861987 2 3
2862731 1 2
2863554 1 2
2863680 1 2
2864031 2 4
2865533 1 2
2866234 1 2
2866311 0 2
2867849 1 2
2870585 0 2
2870915 1 2
2873128 1 2
2874743 0 2
2875587 0 2
2876162 1 3
2876785 -1 0
2879995 1 3
2882320 1 3
2885412 2 3
2886512 1 2
2886628 2 3
2887074 1 3
2887236 1 2
2887782 0 2
2888589 0 1
2890129 0 2
2890671 1 3
2890834 1 3
2891276 1 3
2894303 2 3
2895242 1 3
2895601 1 2
2896307 1 2
2896318 -1 1
2902277 0 2
2905421 2 3
2906145 1 3
2906237 1 2
2908571 1 3
2912471 0 2
2914346 0 2
2915623 2 2
2916419 0 2
2916629 1 2
2919845 1 2
2921296 3 4
2921940 2 3
2924731 1 2
2928106 2 4
2929956 0 2
2930291 2 3
2930345 2 3
2931894 1 1
2933852 1 2
2933881 0 2
2934173 1 3
2934231 -1 1
2934651 0 1
2935401 0 2
2935490 1 2
2936092 1 3
2936283 1 2
2939272 2 3
2939728 1 2
2939955 0 2
2941339 0 1
2941821 1 2
2942474 1 2
2942576 1 2
2947416 1 1
2948587 1 2
2948903 0 1
2949269 2 3
2949457 1 2
2950481 1 2
2953874 -1 1
2956156 1 3
2957734 2 3
2958023 1 2
2963217 0 2
2964492 2 4
2967165 2 3
2967404 -1 1
2968238 1 2
2968873 5 2
2970760 0 2
2971847 0 2
2971974 2 3
2973569 1 3
2973742 1 2
2973865 4 4
2975332 1 2
2978480 1 2
2980555 0 2
2985075 1 3
2986050 0 2
2986490 0 1
2986755 0 2
2989403 1 2
2991519 0 2
2995074 2 4
2995558 0 2
2999556 2 3
2999940 0 2
3001465 0 2
3001591 1 3
3002113 2 3
3003106 1 2
3003458 1 2
3003774 1 3
3004926 0 2
3006482 1 3
3006614 1 2
3008354 2 3
3009283 2 3
3009516 1 2
3009868 2 3
3010093 1 2
3013347 1 2
3015058 1 2
3015187 1 2
3017943 2 3
3019844 1 2
3021126 1 2
3023312 1 2
3023784 1 2
3024195 1 2
3024932 1 2
3025966 1 3
3026751 1 2
3027197 1 2
3027223 1 3
3028255 0 2
3029823 1 2
3030866 2 3
3034100 1 2
3035856 1 3
3036522 1 3
3037492 1 3
3038608 1 2
3038888 2 3
3040464 1 1
3041165 0 2
3042849 1 3
3045049 1 2
3047731 1 3
3049803 1 2
3051322 2 2
3054187 1 3
3058341 1 3
3061856 0 2
3062005 1 1
3063453 1 3
3065728 1 2
3067263 0 2
3068920 1 3
3070714 1 2
3071119 0 1
3074560 2 3
3077722 1 2
3079399 1 1
3079519 0 2
3079983 1 2
3080389 0 2
3081983 1 2
3082414 1 2
3082725 0 1
3082916 1 2
3084819 0 1
3087800 2 2
3089094 1 2
3089935 0 2
3092404 2 3
3095328 1 2
3095977 1 2
3096923 1 2
3098262 1 2
3098928 2 3
3099187 0 2
3101370 1 2
3102245 2 4
3104949 1 3
3107001 0 2
3107351 0 1
3107643 1 2
3107941 0 2
3108486 2 3
3111285 0 1
3111598 1 2
3113265 1 3
3113696 2 3
3113728 1 2
3113903 2 2
3114494 1 3
3115104 0 1
3117454 1 2
3119215 1 2
3120953 1 2
3122004 1 3
3125666 0 1
3126169 -1 1
3126924 3 4
3127218 0 2
3127423 1 3
3130452 0 2
3131731 1 2
3132583 1 2
3132878 0 2
3134507 1 2
3134601 0 2
3135362 1 3
3135642 0 1
3135704 3 3
3142017 2 3
3144316 0 2
3144671 0 2
3146128 0 1
3146874 1 2
3147988 1 3
3148835 0 2
3151865 0 2
3153760 0 2
3154846 1 3
3155774 2 3
3155876 1 3
3155928 0 1
3159554 2 3
3162359 2 4
3162721 1 2
3162788 1 3
3163833 0 1
3164338 1 2
3164481 1 3
3164763 1 3
3165439 0 3
3165820 2 3
3174814 0 1
3174829 0 1
3174880 1 2
3177186 0 2
3177532 0 2
3177585 2 4
3178520 1 2
3181002 1 3
3181101 1 3
3181164 0 1
3181867 1 2
3182001 1 2
3183348 0 1
3183514 2 3
3184759 1 2
3186248 1 2
3191523 0 2
3192383 1 3
3194091 0 2
3194816 1 3
3195936 1 2
3195967 0 2
3197097 1 2
3199315 0 2
3200170 1 2
3200606 1 3
3202301 0 3
3204179 -1 1
3204905 2 3
3206071 2 4
3206423 0 2
3206490 1 2
3206910 1 3
3207518 1 2
3207715 1 2
3207951 1 2
3208159 1 2
3208396 0 1
3208564 1 2
3208590 1 2
3210556 0 2
3210743 1 3
3213131 1 2
3213154 1 3
3217239 0 2
3217747 1 2
3219815 0 2
3219839 0 1
3220802 1 2
3223299 2 4
3227646 1 2
3227775 1 1
3228678 0 2
3230429 1 3
3230855 0 2
3231394 2 4
3234368 1 3
3238205 1 2
3238982 1 2
3239734 1 2
3240060 3 4
3240992 1 2
3241284 1 3
3241417 1 2
3242181 1 3
3243931 1 2
3245305 0 2
3250374 1 2
3251757 1 2
3252532 1 3
3253302 1 3
3254510 0 2
3254841 1 2
3255756 2 4
3256964 1 2
3257424 1 2
3257599 0 2
3259047 2 3
3259090 1 2
3260551 1 2
3261085 0 1
3261615 0 2
3263214 1 2
3263238 1 3
3264149 1 2
3264964 0 1
3265083 1 3
3265995 1 2
3267822 1 3
3269183 0 2
3269737 1 2
3270390 1 3
3270972 2 3
3272064 1 3
3275312 1 2
3275935 1 3
3277565 2 3
3280143 1 2
3280184 1 3
3280538 1 2
3280876 1 2
3283349 1 2
3283812 1 2
3284039 1 3
3284375 0 2
3285853 0 2
3287246 1 2
3288119 0 1
3288666 0 1
3290395 1 2
3290812 0 2
3291007 0 1
3291306 2 3
3291322 1 2
3293194 1 3
3295968 1 2
3297044 0 2
3298286 0 2
3300313 2 4
3301993 1 3
3302147 1 3
3302282 1 3
3302977 2 3
3303468 0 2
3304378 1 3
3306271 1 3
3306735 1 2
3307119 1 2
3307197 0 2
3307786 1 2
3308019 2 4
3308097 1 3
3308347 0 2
3311881 1 3
3312046 2 3
3315381 1 5
3315584 1 2
3318327 1 3
3321560 1 2
3322126 1 3
3323876 1 3
3328611 -1 1
3329776 1 3
3330009 2 3
3330071 2 3
3330394 0 1
3330851 1 2
3331209 1 3
3331826 2 2
3331831 1 2
3332541 0 1
3333101 0 2
3333898 1 2
3334006 1 1
3334974 0 1
3336016 1 2
3336376 1 3
3337142 1 3
3337875 1 3
3339152 1 3
3341039 0 1
3341183 1 3
3341286 0 2
3342514 1 2
3344361 1 2
3344618 2 4
3345008 0 2
3345457 1 2
3345726 1 3
3346980 1 3
3348901 0 2
3351891 0 2
3353200 2 3
3353356 1 2
3353568 0 1
3353642 1 2
3354013 0 2
3354938 0 2
3358437 1 2
3359215 1 2
3361716 1 2
3363786 0 2
3364596 1 3
3365501 2 3
3368720 1 3
3369261 0 2
3369924 0 2
3369935 0 2
3370617 1 2
3372243 1 2
3373283 1 2
3374340 1 2
3375197 1 2
3376065 1 2
3376518 1 3
3376593 0 2
3378112 0 2
3379731 0 2
3380225 2 2
3380449 2 3
3383548 1 3
3385653 1 3
3385710 0 2
3386665 1 2
3387099 0 2
3388023 1 2
3388168 1 2
3390041 1 2
3390213 0 2
3390608 1 2
3391788 1 2
3393203 1 2
3393875 1 3
3394156 1 2
3397719 1 2
3397751 1 3
3400267 1 3
3401566 0 2
3403360 2 3
3404534 2 3
3406073 0 2
3406243 2 3
3406925 1 3
3407026 0 1
3407942 1 2
3411110 2 4
3415456 -1 1
3415839 1 3
3418211 1 2
3418362 1 2
3418642 1 2
3418974 1 3
3419820 1 3
3423320 2 3
3423847 1 2
3424251 2 3
3425093 0 2
3425173 0 2
3425736 1 3
3427402 1 2
3428558 0 2
3428776 1 2
3431403 0 1
3431488 1 3
3431861 0 2
3432985 1 2
3434730 1 2
3436114 0 2
3436683 0 1
3436754 0 2
3437047 0 1
3437920 0 2
3448534 1 2
3448757 1 3
3449578 1 3
3450820 1 2
3451411 1 2
3451977 2 3
3453241 1 3
3453626 0 2
3453819 2 3
3455534 1 3
3456356 1 2
3458716 0 2
3458925 0 1
3460654 2 4
3462951 1 2
3463448 0 2
3464816 1 2
3465701 0 2
3465805 1 2
3467713 1 2
3468124 2 3
3468765 1 2
3468878 1 2
3468954 1 3
3469798 0 1
3472906 2 2
3473134 1 2
3474385 1 2
3476056 1 3
3476676 1 3
3477091 1 2
3477823 1 3
3479471 0 1
3484270 1 2
3485327 1 2
3486127 1 2
3487151 1 2
3488063 1 3
3488933 1 2
3489307 0 1
3489356 0 2
3489677 1 2
3491171 1 3
3493498 1 2
3494735 1 3
3501518 1 2
3501784 0 2
3502634 1 2
3504269 2 3
3508416 1 2
3509266 2 3
3510451 2 3
3510903 0 2
3511519 1 3
3512712 1 1
3513279 1 2
3513346 2 3
3514098 2 3
3516217 0 2
3518179 1 2
3519146 1 2
3519895 0 1
3520220 0 2
3522760 1 3
3523132 1 2
3523224 0 2
3524661 1 2
3524864 2 4
3525779 1 2
3525853 1 2
3527105 2 3
3529339 2 3
3529874 1 3
3530938 1 2
3531990 1 2
3533250 1 2
3535913 1 3
3536951 2 3
3538265 1 2
3538629 1 3
3539537 2 4
3539731 1 2
3539933 2 4
3541714 1 3
3542224 0 1
3542235 1 2
3547512 0 2
3548035 2 3
3548180 1 2
3548948 1 2
3551227 1 2
3554021 2 3
3557998 3 4
3560058 0 2
3561029 1 2
3561727 0 2
3562948 1 3
3566098 1 2
3567229 1 2
3569492 1 3
3569896 2 2
3570939 0 2
3571390 1 2
3573624 1 3
3573830 1 2
3577494 1 2
3579966 1 2
3580173 1 3
3580405 0 1
3581009 2 3
3584243 1 2
3585319 1 2
3586968 2 3
3589026 0 2
3589101 1 3
3590301 1 3
3590422 1 2
3592425 0 1
3594042 1 2
3594748 2 3
3594794 0 1
3596227 1 2
3598842 2 3
3599675 1 3
3600143 2 3
3601585 1 2
3604737 1 3
3604879 1 3
3606376 2 3
3606530 1 2
3608197 1 2
3609089 2 3
3611070 1 2
3611692 1 3
3612993 0 2
3613851 1 2
3614418 1 2
3616677 0 2
3616921 1 2
3617990 1 3
3619074 0 2
3619831 1 2
3621367 2 3
3623779 1 2
3624422 1 2
3625674 1 3
3625844 0 2
3627728 1 3
3629498 1 2
3629796 1 3
3630387 0 1
3632045 1 2
3632718 0 2
3633541 1 3
3635840 1 2
3636558 0 2
3638422 1 3
3638478 1 2
3640411 2 3
3640692 3 5
3641075 0 2
3644483 0 2
3644639 1 3
3645913 2 3
3647479 2 3
3648334 1 3
3648435 0 1
3651731 0 2
3654445 2 3
3655060 0 2
3659083 1 2
3659626 1 1
3660020 1 2
3660817 1 2
3661300 0 1
3663595 3 4
3663702 1 2
3664455 1 2
3664582 0 1
3666279 1 2
3666374 2 2
3666733 1 3
3667377 0 2
3671393 2 3
3672083 1 3
3673588 1 3
3677010 1 2
3678901 0 2
3679839 1 3
3680920 0 2
3681176 1 2
3682323 1 3
3682745 1 2
3683526 0 2
3684850 1 3
3687383 1 2
3687632 1 2
3688377 2 3
3692874 1 2
3693077 1 2
3693080 2 3
3694106 0 1
3694220 1 3
3694333 1 3
3694973 1 1
3696799 2 3
3697738 1 2
3699743 1 2
3700883 1 2
3701901 1 3
3702052 1 3
3702095 1 2
3702508 1 3
3703532 0 1
3705666 1 2
3706229 0 1
3706344 1 3
3708476 1 3
3709153 1 3
3709177 1 3
3709537 -1 1
3711854 2 3
3711991 2 4
3712402 1 2
3712963 1 2
3713026 1 3
3713101 1 2
3713328 1 2
3716032 1 3
3716113 0 2
3716530 1 2
3718346 1 2
3720482 2 3
3721141 0 2
3722619 1 2
3723456 2 4
3728219 1 2
3729791 0 2
3731229 1 3
3732165 1 2
3732172 1 3
3732868 1 2
3735411 0 2
3736821 0 2
3738863 2 3
3741528 1 2
3742119 0 1
3742124 0 1
3744664 0 2
3747756 1 2
3748295 1 3
3749372 1 2
3749542 2 3
3752629 1 2
3756567 1 3
3757495 1 2
3757564 0 2
3760900 4 5
3766200 0 2
3767254 1 2
3768455 0 1
3770779 1 3
3771920 1 3
3773499 1 2
3777369 2 4
3778439 2 2
3780174 2 3
3783382 1 3
3784159 1 3
3784271 1 3
3785770 1 2
3787925 1 2
3788173 1 2
3791512 1 2
3791666 1 2
3792138 1 2
3794224 1 2
3798854 1 3
3799095 1 2
3800367 1 2
3801171 2 3
3801890 1 2
3803691 1 2
3806898 2 3
3807790 1 2
3812905 1 2
3817649 1 2
3817822 0 2
3818301 1 2
3819885 1 2
3821184 0 2
3823217 0 1
3823347 2 4
3823549 1 2
3826346 1 3
3828963 2 3
3836752 0 2
3838967 0 2
3839797 1 2
3840975 1 2
3841806 1 2
3844235 0 2
3845245 1 2
3845676 0 1
3846824 2 3
3850265 1 2
3850307 1 3
3851215 1 2
3851492 1 2
3852137 1 2
3853649 1 2
3855127 2 3
3857266 2 3
3858116 2 3
3858560 1 2
3858674 1 2
3858850 1 2
3859309 0 1
3859344 1 2
3861169 2 3
3861616 1 2
3862782 2 3
3865366 2 3
3866166 2 3
3867545 1 2
3869555 1 3
3869569 0 2
3870220 1 2
3874614 0 1
3874773 1 2
3874816 -1 1
3875120 1 2
3877460 0 1
3879798 2 2
3881892 0 2
3881990 1 3
3882747 1 3
3883380 1 2
3886000 1 2
3889019 3 3
3889644 1 3
3891671 1 2
3894575 1 2
3895150 0 1
3895198 0 2
3895334 1 2
3897310 2 3
3897448 0 2
3898742 1 2
3899275 1 2
3899670 1 2
3902795 1 2
3903230 1 2
3904535 0 2
3905199 2 4
3905382 1 3
3905827 0 1
3907763 0 2
3910361 0 2
3912604 1 2
3912727 1 2
3914940 1 2
3914963 1 2
3917190 1 3
3917543 2 3
3918574 0 3
3919071 0 2
3919485 0 1
3919699 1 2
3921183 2 3
3925889 1 3
3928128 1 2
3928651 0 2
3928676 3 3
3929999 2 4
3930691 0 2
3931418 1 2
3932768 1 2
3933227 2 4
3935020 1 3
3935594 2 3
3937072 0 1
3937103 2 4
3939257 0 2
3944610 1 3
3945130 1 2
3945214 1 3
3945804 2 3
3945828 1 2
3946043 1 2
3946259 1 2
3949449 1 2
3950220 1 3
3950808 0 1
3951088 0 2
3951523 0 1
3955403 0 2
3960132 1 2
3960775 1 2
3960905 2 3
3961018 0 2
3961771 0 2
3963055 1 2
3963404 0 1
3966072 2 3
3966919 0 2
3967009 1 3
3967699 0 2
3968294 2 4
3969024 0 1
3974808 0 2
3976972 0 2
3977483 0 2
3977975 1 2
3978756 0 1
3980197 0 2
3980232 1 2
3980279 1 1
3981647 1 2
3983387 0 2
3983576 1 3
3983582 0 2
3984439 1 3
3987043 0 2
3987642 1 2
3988044 0 1
3988262 1 2
3989606 1 3
3989684 2 3
3989934 1 2
3990665 1 2
3991131 1 2
3991319 1 3
3992190 0 1
3994245 1 2
4000868 1 2
4001082 1 2
4003916 2 4
4003979 1 2
4007185 0 1
4007646 1 2
4008941 1 3
4009464 0 2
4011020 2 3
4014079 1 2
4014569 1 2
4016562 1 2
4018974 1 2
4019177 1 3
4020266 1 3
4023307 1 2
4023502 0 2
4023879 2 4
4030060 0 1
4035298 0 2
4035797 1 2
4037295 1 3
4039094 0 1
4040923 2 3
4042211 1 2
4042570 2 3
4043439 2 2
4046822 1 3
4047473 1 3
4048065 1 2
4049068 1 2
4051905 1 2
4051914 1 2
4052319 2 3
4053191 1 3
4053668 0 2
4057892 -1 1
4057979 1 2
4058118 2 4
4059283 1 3
4064091 1 3
4065853 0 2
4066729 1 2
4067636 1 2
4067959 0 2
4068247 1 2
4068392 0 2
4069958 2 3
4070843 1 2
4071760 0 1
4074667 2 3
4075789 1 2
4077773 2 3
4079324 1 3
4079503 1 2
4080758 1 2
4082905 0 2
4084985 2 3
4085529 1 3
4088595 0 2
4091272 1 2
4092401 0 2
4093920 0 2
4094473 1 2
4095683 0 2
4095713 1 2
4096850 1 3
4098391 -1 1
4099042 0 2
4101252 2 3
4101569 1 2
4102251 1 2
4103541 1 2
4103976 1 2
4107005 1 2
4107108 0 1
4107317 0 2
4108142 1 2
4108900 1 3
4108972 0 2
4112209 1 2
4116315 1 2
4118234 1 3
4118479 2 3
4120636 0 1
4120986 1 2
4121054 1 3
4121352 1 2
4126570 2 3
4126969 1 3
4127245 1 3
4127712 0 2
4127783 3 4
4130012 0 2
4130995 1 3
4134969 1 3
4141847 1 2
4142602 3 4
4144074 2 3
4144547 0 2
4146328 2 4
4146942 0 2
4146980 1 2
4147049 1 3
4147455 1 2
4149794 1 2
4152035 2 4
4153060 1 3
4154045 1 2
4154494 1 2
4155697 1 3
4157791 1 3
4157881 0 1
4158021 0 2
4158055 0 2
4158590 2 4
4159508 0 2
4159785 0 1
4161118 0 2
4161193 1 3
4165092 0 2
4166537 0 2
4167941 1 2
4169935 1 3
4170282 1 2
4170603 1 2
4174252 0 2
4174335 1 3
4175711 1 2
4176214 1 2
4177365 1 2
4178136 1 1
4180209 1 2
4180404 1 2
4181787 2 3
4182420 2 4
4190062 2 3
4190527 1 3
4190712 1 2
4192988 1 2
4196628 1 2
4197719 -1 1
4198534 1 2
4202634 1 2
4203723 2 3
4207091 1 3
4209351 1 2
4210614 0 2
4211120 0 2
4211156 2 3
4212254 1 2
4212676 1 2
4214937 1 2
4215735 1 3
4218087 1 2
4219261 1 3
4221724 1 2
4222828 1 3
4224677 0 2
4225983 1 2
4228420 1 2
4228536 1 3
4229360 2 3
4230208 1 2
4231888 1 2
4231958 1 2
4232983 2 4
4233675 1 2
4234827 1 2
4238078 1 2
4238482 2 3
4239595 1 2
4239834 0 2
4240345 0 1
4241032 1 2
4242584 0 1
4244231 0 2
4246088 0 2
4247733 3 4
4249259 0 1
4253228 1 3
4254960 0 1
4256185 1 3
4256655 1 2
4257417 1 3
4257474 0 1
4266157 1 2
4267205 1 2
4268088 1 3
4270283 1 2
4270868 1 2
4271818 1 2
4271972 1 2
4271994 1 3
4272014 1 2
4272884 2 3
4273888 1 2
4275136 1 2
4275233 1 2
4275858 1 2
4276162 2 3
4276370 0 1
4277297 1 3
4277381 1 3
4278058 1 3
4278335 1 3
4279542 2 3
4280213 0 1
4280725 1 2
4282680 0 2
4282946 0 2
4284417 1 2
4285228 2 4
4286878 1 2
4290443 1 2
4292237 0 2
4292450 2 3
4294727 2 3
4294878 1 3
4295804 0 2
4296946 1 2
4298175 0 1
4298627 1 3
4299342 2 3
4302035 0 2
4304539 1 2
4305565 1 2
4306122 0 2
4307402 1 3
4308017 1 2
4312485 -1 1
4313498 0 2
4313555 0 1
4315035 1 2
4316515 0 2
4317028 2 3
4317243 0 2
4318245 0 2
4321889 1 2
4322843 0 2
4323089 1 3
4324309 2 3
4325823 1 2
4327070 4 5
4330360 1 2
4333024 0 2
4335569 1 3
4336264 1 2
4336583 1 2
4339844 0 2
4341302 1 3
4342712 1 2
4343652 0 2
4344670 1 2
4346549 0 1
4348208 0 2
4348720 1 3
4349632 2 3
4352831 2 4
4356245 1 2
4357858 0 2
4358703 1 3
4360896 1 2
4363963 1 2
4365819 1 2
4366978 1 2
4369057 1 2
4369704 2 3
4371240 1 3
4371688 1 3
4379899 1 2
4380542 1 2
4381100 1 2
4383164 1 2
4383208 1 3
4384526 2 3
4384832 0 1
4386934 1 3
4388108 1 2
4389007 1 3
4389360 2 3
4389798 1 2
4392134 2 3
4394170 0 2
4396117 1 1
4397863 0 2
4398737 1 2
4401088 2 4
4406319 1 2
4406483 2 2
4406848 0 2
4410051 0 2
4413262 1 2
4414765 2 4
4415169 1 2
4415336 0 2
4415908 1 2
4419186 1 2
4422870 0 1
4423877 0 1
4424439 1 2
4425310 0 2
4426958 2 4
4427545 1 2
4427969 1 2
4432506 1 2
4433499 1 2
4434682 1 3
4437884 0 1
4437954 2 4
4438552 1 2
4440543 1 2
4441888 1 2
4442239 1 3
4442659 1 3
4442694 0 1
4443380 0 1
4444281 1 2
4444894 0 2
4445695 1 2
4446431 2 3
4448545 0 1
4448885 1 3
4449484 1 2
4450693 0 1
4453391 2 3
4453480 1 3
4453869 1 3
4456118 0 2
4457208 1 3
4457756 0 2
4457809 1 2
4458199 0 1
4458777 1 2
4462294 1 3
4462419 0 2
4462955 1 2
4464785 1 2
4466637 0 2
4466727 2 3
4467984 2 3
4468027 0 1
4469132 2 3
4470336 2 2
4471823 1 2
4472050 1 3
4472423 0 1
4472602 1 2
4473170 0 1
4474516 2 3
4476584 0 2
4477764 1 3
4478299 1 2
4479038 1 2
4479931 1 2
4480001 1 2
4480351 1 3
4482230 0 2
4483015 1 2
4483554 1 2
4483823 1 2
4489701 0 2
4490823 1 2
4491829 1 2
4491877 2 4
4494703 0 2
4496986 0 2
4499679 1 3
4499784 1 2
4500534 2 3
4500593 2 3
4501917 0 2
4502432 0 2
4503975 1 3
4505217 2 3
4506400 2 3
4506692 1 2
4507633 1 2
4507672 1 2
4508750 1 2
4509053 0 2
4509822 2 3
4509999 1 3
4510446 0 2
4510474 1 3
4510701 1 2
4516495 1 3
4516854 2 3
4518862 1 2
4519513 0 2
4520360 1 2
4521106 1 2
4522078 1 3
4523255 0 2
4523671 0 2
4524723 0 2
4524814 2 4
4525397 1 2
4525796 1 2
4529980 1 2
4531655 1 3
4531688 2 3
4532588 0 2
4532639 1 3
4536832 1 3
4537378 1 2
4539172 0 1
4539283 0 2
4541247 1 2
4543704 1 2
4545034 1 2
4547679 1 3
4548547 1 2
4551141 1 2
4553512 0 1
4554529 1 2
4554645 1 3
4556177 1 2
4556911 0 2
4557204 0 2
4564731 0 1
4565045 0 2
4568973 0 2
4569397 1 2
4570036 0 2
4570191 0 2
4571802 1 2
4572402 0 2
4573190 0 2
4574248 1 2
4574545 1 3
4578285 0 1
4578604 0 2
4581461 2 3
4584281 1 3
4586121 1 3
4589255 1 2
4590342 1 1
4593830 1 2
4596141 2 4
4596659 1 3
4597400 0 2
4598956 1 2
4600817 1 3
4602568 1 3
4607960 0 1
4610092 0 2
4611457 0 1
4613500 0 2
4614426 1 3
4615879 1 3
4616257 0 2
4617411 1 2
4617427 0 2
4617584 1 2
4622275 2 3
4623934 0 2
4624069 2 3
4625255 1 2
4629628 2 3
4632035 2 3
4632177 0 2
4632390 1 2
4633832 1 2
4634116 2 3
4635034 0 2
4638495 1 2
4638585 0 2
4640537 1 2
4641099 1 2
4642058 1 2
4642962 2 4
4643218 1 2
4643490 2 3
4644759 1 2
4645169 0 2
4645309 1 2
4647527 1 2
4647533 1 3
4652623 0 1
4653068 0 1
4656796 0 1
4657196 1 2
4659166 1 2
4659855 1 2
4660938 4 5
4661149 1 2
4662944 0 2
4663641 3 4
4664319 1 2
4665264 0 1
4670171 1 3
4672619 2 3
4672635 0 3
4673884 0 1
4674106 2 3
4678630 1 2
4678961 1 2
4681487 2 3
4682100 0 2
4682579 1 3
4682590 2 3
4683291 0 1
4689643 1 2
4690326 1 2
4692251 1 2
4695746 0 2
4695904 1 2
4696634 2 3
4699043 1 2
4699078 0 2
4699356 1 2
4699451 0 1
4699677 0 2
4700862 0 2
4701836 0 2
4705706 1 2
4706879 0 2
4709845 1 2
4710306 1 3
4712294 1 2
4712704 1 2
4713911 1 2
4718027 0 0
4718623 1 2
4719219 1 3
4722996 0 1
4723277 1 2
4723940 1 2
4724565 1 3
4724923 2 2
4728129 0 0
4728986 2 3
4730242 0 2
4735161 0 2
4736812 2 4
4737446 1 3
4738391 2 3
4738619 2 4
4738750 0 2
4739571 1 2
4745551 3 3
4746266 0 2
4746273 2 3
4746941 1 2
4748369 0 1
4749299 1 3
4749594 0 1
4749619 2 3
4749888 0 1
4751559 0 1
4753620 0 2
4753831 1 3
4756072 1 3
4756205 0 2
4756277 2 4
4756520 1 3
4756997 0 1
4757143 0 2
4757157 1 2
4758847 1 3
4760380 1 2
4761504 1 2
4763173 1 2
4763287 1 2
4764402 1 2
4764828 2 4
4765084 1 3
4768102 1 2
4771970 0 1
4774942 0 2
4776044 1 3
4776432 2 3
4776631 1 2
4777011 1 2
4782901 2 2
4785342 1 3
4786142 1 3
4786478 1 2
4786510 1 2
4788844 0 1
4789431 1 3
4791277 1 2
4791413 0 1
4793120 1 2
4793421 1 3
4793488 0 1
4795031 1 3
4795185 1 3
4797125 2 3
4798071 0 2
4800341 1 2
4800419 1 3
4802830 0 2
4803232 1 2
4803536 3 4
4803700 2 3
4806818 0 2
4809367 0 2
4811628 2 3
4811748 1 2
4811815 2 4
4813043 1 2
4813057 2 3
4815682 1 2
4816300 0 2
4817344 1 2
4821821 1 3
4823194 0 2
4826309 0 1
4826350 1 2
4828661 0 1
4829457 0 2
4831024 0 1
4831731 2 3
4832786 2 3
4833056 1 2
4834155 2 3
4834296 1 2
4834778 1 3
4835568 1 2
4836028 0 2
4837980 1 3
4842030 2 3
4844292 1 2
4844358 1 2
4845251 1 1
4845825 0 1
4846916 1 1
4847393 0 2
4847930 1 2
4849574 0 1
4849941 1 2
4850417 1 2
4851170 2 3
4851210 0 2
4852352 1 2
4854270 1 3
4854299 0 2
4854405 0 1
4856329 2 3
4856620 0 2
4856763 1 2
4863023 0 3
4863187 0 2
4863753 1 2
4864899 1 3
4866132 2 3
4868565 0 2
4869163 0 2
4870640 1 2
4871327 1 2
4872006 1 2
4872638 0 2
4873301 0 2
4873768 1 2
4877991 1 3
4879002 1 2
4879836 1 2
4880566 0 1
4881054 2 4
4882833 0 2
4883359 1 2
4883840 2 2
4884005 1 3
4884258 1 2
4884550 2 4
4887391 2 3
4887565 0 2
4888648 1 2
4889719 2 2
4889978 0 2
4891782 0 2
4896170 1 3
4896397 1 3
4898355 1 2
4899378 1 2
4900836 1 2
4901226 2 3
4901572 1 3
4902134 1 3
4902403 1 3
4903133 2 4
4904187 2 3
4907083 0 2
4907207 1 2
4907401 0 1
4907485 1 3
4908992 2 3
4911641 1 2
4912575 0 2
4915936 1 1
4916498 1 2
4916530 1 2
4917807 1 2
4918598 1 1
4918711 0 2
4920043 1 3
4921842 1 3
4922869 1 2
4924505 0 1
4924721 0 1
4927295 1 2
4927753 2 3
4927989 0 1
4935938 1 2
4936245 1 2
4937109 0 1
4937393 1 2
4937832 1 2
4938514 1 2
4938981 1 3
4941269 0 1
4942913 2 3
4943137 1 3
4943892 1 2
4946206 0 1
4946747 0 2
4947953 0 2
4950034 1 2
4950767 1 3
4951699 0 2
4951952 3 4
4952917 1 3
4953203 2 3
4955962 1 2
4956806 0 2
4958000 1 2
4958336 1 3
4959465 0 2
4959578 1 3
4959591 1 2
4959844 0 2
4960504 1 2
4965325 2 3
4965575 1 2
4965828 1 2
4966320 1 3
4967226 1 2
4968331 2 3
4970107 1 2
4971090 0 2
4971113 1 3
4975311 0 2
4975981 0 1
4977197 3 5
4978203 1 3
4978650 1 2
4980229 1 2
4981109 3 4
4982416 0 2
4986630 1 3
4986953 1 2
4987967 1 2
4988213 1 3
4988736 1 2
4990574 1 2
4990639 1 2
4991182 1 2
4992994 0 2
4993057 1 2
4993921 1 2
4994465 1 2
4995916 1 2
4996596 0 2
4998943 2 3
4999387 1 3
4999492 1 2
5002026 1 3
5002179 1 2
5002669 1 2
5003130 2 2
5005721 0 1
5006342 1 2
5007355 0 2
5010392 1 2
5012236 0 1
5015123 1 3
5015506 2 3
5016137 1 2
5016453 1 2
5016676 0 1
5016958 1 3
5017554 0 2
5019425 0 2
5019657 0 1
5019678 1 2
5020255 2 3
5020683 1 2
5023553 1 3
5026286 2 3
5026642 -1 1
5026696 1 3
5026801 0 2
5028037 0 2
5028576 1 3
5028627 1 3
5028764 0 1
5030359 2 3
5031353 1 3
5034587 0 2
5034696 1 2
5035134 0 2
5036738 0 2
5036941 1 3
5038108 1 2
5038700 0 1
5039817 0 1
5039892 0 1
5040011 1 3
5041568 1 2
5042071 1 2
5042447 2 2
5044516 1 2
5049786 1 2
5050187 0 1
5050833 1 3
5053091 0 3
5053917 1 2
5054045 1 2
5055438 1 2
5056009 1 2
5056139 1 3
5057575 1 2
5057784 1 3
5059446 1 2
5060389 1 2
5063765 1 2
5064490 0 2
5064626 0 2
5066008 2 3
5066573 1 2
5068235 3 4
5068825 1 2
5069760 1 3
5071020 0 1
5071195 0 1
5071990 1 2
5073225 1 2
5077036 1 2
5078974 1 2
5080693 0 2
5081959 2 2
5082197 1 3
5082475 1 2
5083932 2 3
5084562 1 3
5085502 0 2
5085921 2 3
5086291 1 2
5086814 0 2
5089670 1 2
5093745 1 2
5095811 1 2
5097186 2 3
5097338 1 2
5097579 1 2
5098094 2 3
5098919 1 3
5099578 1 2
5100984 1 3
5101726 0 2
5102420 0 3
5102891 0 2
5103110 2 3
5106971 1 2
5108606 1 2
5109071 1 2
5112215 1 2
5115733 1 2
5117819 1 2
5118200 0 2
5119255 1 3
5121857 0 1
5122834 1 2
5123286 3 4
5124304 1 2
5124718 1 3
5127426 1 2
5128634 1 3
5128656 1 2
5131049 1 3
5132608 0 3
5135449 2 3
5141143 1 2
5143911 1 1
5145450 1 2
5146968 0 2
5150203 2 3
5152622 1 3
5153721 2 4
5154317 0 1
5155520 1 3
5155589 2 4
5156773 1 3
5157511 1 3
5157682 2 3
5158162 0 2
5158474 0 1
5158925 1 2
5159283 1 2
5159558 2 3
5159585 1 2
5160668 1 3
5161449 1 2
5162739 0 1
5163185 2 3
5164318 1 2
5164704 0 1
5166023 1 3
5166168 1 2
5168987 1 2
5169985 1 2
5170096 2 4
5170374 0 1
5170441 1 2
5170509 1 2
5170891 1 2
5171556 1 2
5174269 0 1
5178447 0 2
5181865 1 2
5182013 1 2
5183309 1 2
5184089 1 3
5186495 2 3
5188595 1 2
5189502 1 2
5193016 1 3
5193920 1 2
5194380 1 2
5197877 2 3
5198034 1 3
5198287 1 2
5199913 1 4
5200400 2 3
5201958 1 2
5204047 0 2
5207012 0 2
5214482 2 2
5215551 1 2
5216113 4 3
5221291 1 2
5221971 0 2
5222429 0 1
5223223 1 3
5224160 1 2
5225735 1 2
5225797 1 2
5225813 1 3
5227249 1 2
5228557 1 2
5229507 1 3
5231344 0 1
5231791 0 2
5232250 1 2
5232396 0 2
5233257 -1 0
5233524 1 2
5234288 2 3
5234959 1 2
5235352 1 2
5236166 1 2
5236803 1 2
5238505 1 2
5238973 1 3
5240046 1 3
5240735 1 2
5245704 1 2
5246524 0 2
5247543 0 1
5248425 2 3
5248517 1 2
5249792 0 1
5250360 2 2
5250990 2 3
5252801 1 2
5253650 1 2
5254421 1 2
5255498 2 3
5255934 1 2
5261087 2 3
5262444 1 3
5264536 2 3
5266198 0 1
5266272 1 2
5271872 1 2
5272400 1 3
5274500 1 2
5279435 1 2
5281233 1 2
5281879 0 2
5283546 1 2
5284088 0 2
5285129 1 2
5286087 1 2
5286756 1 3
5287455 1 3
5288725 2 2
5288750 1 2
5288958 1 3
5290920 0 2
5291567 1 2
5293109 1 2
5293992 0 2
5298523 1 2
5299052 0 2
5299162 1 2
5300076 1 2
5301349 1 2
5301543 0 2
5302934 1 2
5305951 1 2
5306109 0 1
5306605 3 5
5306614 0 1
5308215 0 1
5310958 0 2
5311365 1 3
5311542 0 2
5311904 0 2
5315643 1 3
5316673 1 3
5316902 2 3
5318192 1 3
5319688 1 3
5320331 1 2
5321340 1 3
5322734 1 2
5324093 1 2
5325835 1 3
5325937 1 2
5325949 1 2
5330739 1 1
5333956 1 2
5334186 0 2
5334452 0 2
5335457 1 3
5337052 1 3
5338089 1 2
5338461 1 2
5339493 1 2
5340386 1 2
5340774 2 2
5343031 0 1
5343515 1 2
5346113 1 2
5346467 2 3
5346894 0 2
5351712 1 2
5353590 1 3
5354412 0 1
5356919 1 2
5357721 1 3
5358497 1 3
5361478 1 2
5361770 2 3
5362258 1 2
5363357 1 3
5363736 1 2
5364033 1 2
5364146 1 2
5367101 1 2
5369423 1 3
5370376 1 3
5370592 1 3
5371493 3 4
5372460 2 3
5372745 0 1
5373200 0 2
5374996 0 2
5377325 2 3
5379081 1 2
5382391 1 3
5384514 1 2
5386702 2 4
5389336 0 2
5390346 2 2
5391371 1 3
5391402 1 2
5392922 0 2
5393141 2 4
5393417 1 2
5395013 1 2
5395263 1 3
5395674 0 2
5395898 1 2
5396817 0 2
5397661 0 2
5397773 0 2
5398157 1 2
5401156 3 4
5401215 1 2
5401672 1 2
5402635 0 1
5403029 1 3
5403151 0 2
5404234 0 2
5404882 2 3
5405449 1 3
5411151 1 2
5414031 -1 2
5414158 1 2
5414400 1 2
5414617 1 2
5415855 1 2
5418943 2 3
5419162 1 2
5423675 0 1
5424335 1 2
5426866 2 3
5426873 0 2
5427835 0 2
5430030 1 3
5432029 1 2
5432176 1 2
5432303 -1 0
5435570 2 3
5436291 1 2
5436814 2 3
5437809 1 3
5438016 2 3
5440303 0 2
5441760 2 4
5443686 1 2
5444856 1 3
5445400 1 2
5447307 2 3
5448262 2 3
5450257 0 2
5452208 1 3
5452871 2 3
5453679 0 2
5454697 0 2
5455098 1 2
5457392 0 1
5457544 1 2
5458255 1 2
5460174 0 2
5460426 1 3
5460849 0 1
5461737 1 2
5463058 1 3
5463780 1 3
5464338 1 3
5467215 2 3
5471067 1 3
5471122 1 2
5472903 1 2
5473911 2 3
5473994 2 3
5474967 2 3
5476374 1 2
5477329 1 3
5484216 1 2
5488313 2 3
5490083 1 2
5493031 0 2
5496126 2 3
5496639 1 2
5499245 1 3
5501293 0 1
5501788 0 2
5502286 2 3
5504095 2 2
5505085 1 2
5507984 1 3
5508468 1 3
5509718 1 3
5512151 2 4
5514454 2 3
5515513 1 2
5517578 1 2
5521307 1 2
5521599 0 2
5524194 0 2
5524209 1 2
5524899 1 2
5525114 0 2
5525246 1 2
5525504 1 2
5526494 1 2
5526506 1 2
5527028 1 2
5527488 0 1
5529014 1 2
5530691 0 2
5532051 1 2
5534013 0 2
5536458 1 3
5537468 0 1
5537562 1 2
5538428 0 1
5540230 2 3
5541304 1 3
5542920 1 2
5545632 1 2
5546704 1 2
5548162 0 1
5548853 1 3
5552309 1 1
5552562 2 4
5553825 1 2
5556800 1 3
5557203 0 2
5557332 1 2
5557818 0 3
5557875 2 3
5558080 1 3
5558279 1 3
5561041 1 2
5561149 0 2
5562134 0 1
5562141 1 3
5562421 0 2
5564660 2 3
5564729 2 3
5565042 0 2
5565637 1 2
5565673 1 2
5567447 1 2
5568022 1 2
5568171 1 2
5572093 1 2
5572268 0 2
5572682 0 1
5572916 0 1
5573806 2 3
5580759 0 2
5582751 0 2
5582845 0 2
5583488 1 2
5584255 1 3
5584347 0 2
5584491 0 2
5586062 1 2
5588602 1 2
5589266 1 3
5591907 0 2
5592718 0 2
5592825 1 3
5593169 1 2
5595050 2 3
5595514 1 2
5596915 2 3
5600940 1 2
5602394 0 2
5603273 0 2
5603412 1 2
5604165 1 2
5606557 2 4
5607967 1 2
5609878 0 2
5610284 1 3
5610474 1 2
5613253 -1 1
5615423 0 2
5617567 1 3
5618595 1 2
5618713 1 2
5619043 0 2
5619930 1 2
5619946 2 3
5620442 3 4
5620682 1 3
5620990 1 2
5622125 1 3
5624430 0 1
5624627 1 3
5625187 1 2
5627046 1 3
5627338 1 2
5629996 1 2
5631674 1 3
5632691 -1 1
5633207 -1 1
5634931 1 3
5634999 2 4
5635402 0 2
5638257 1 2
5641462 1 2
5641637 1 3
5645104 2 3
5647000 1 2
5648656 1 2
5651049 1 3
5653945 0 2
5656726 0 2
5657894 1 3
5658263 2 3
5660806 2 3
5661881 1 2
5663936 1 2
5665980 1 3
5666110 2 3
5671735 0 2
5671957 1 2
5671984 0 1
5674057 1 2
5675790 -1 1
5676335 1 2
5677292 1 2
5677415 1 2
5679442 0 2
5679500 1 2
5679676 1 2
5681559 1 3
5684204 1 3
5685512 1 2
5687952 1 3
5687966 1 2
5688587 2 3
5690236 2 3
5695393 0 1
5696672 0 2
5697179 0 1
5698859 0 2
5699044 2 3
5700340 1 2
5702650 1 2
5703847 1 2
5704400 1 2
5705020 1 2
5705869 1 2
5706602 2 3
5706995 0 2
5707086 1 2
5710229 1 3
5710507 1 2
5712372 0 2
5715142 0 2
5716147 0 1
5719571 1 2
5720978 1 3
5724935 1 2
5726455 2 3
5727515 2 3
5730322 1 2
5731746 0 2
5732375 1 3
5734779 1 2
5735796 0 2
5737172 0 2
5738685 1 3
5739026 2 3
5740286 1 3
5741488 1 2
5742712 0 1
5742855 1 3
5743163 1 2
5744863 2 3
5745634 1 3
5748718 0 1
5749121 1 3
5749575 0 2
5751601 1 2
5751908 1 2
5756500 1 2
5756736 0 2
5757171 1 2
5757389 1 3
5760049 1 2
5761273 1 2
5761340 0 1
5762669 1 2
5765012 1 3
5765157 1 2
5765505 0 1
5766127 1 3
5767061 1 3
5767285 2 3
5768161 2 3
5769974 0 2
5770082 1 3
5770230 0 2
5773071 1 2
5773220 2 2
5773359 1 2
5777429 1 2
5781088 1 3
5782487 1 3
5782601 1 2
5788772 1 2
5790147 1 3
5792175 2 3
5793802 0 2
5793831 0 1
5798704 1 3
5800394 1 3
5801396 1 2
5802828 1 2
5806295 1 2
5807379 3 4
5807754 1 3
5808042 0 2
5810153 0 2
5811208 1 2
5811669 1 2
5813703 1 2
5814822 1 3
5818600 0 2
5820733 1 2
5822735 1 2
5823189 1 2
5823421 1 2
5824625 1 3
5824972 1 1
5826477 3 5
5827482 0 1
5830028 0 2
5831295 2 3
5832002 2 3
5832775 1 2
5833121 1 2
5834020 1 2
5838035 0 2
5841676 0 2
5841964 1 2
5842535 1 3
5845456 0 2
5847577 1 1
5848136 2 3
5849726 1 2
5850298 1 2
5851177 1 2
5851301 0 2
5851457 1 2
5851612 0 2
5852124 1 2
5853442 1 3
5854828 0 2
5856880 1 2
5856944 1 2
5857603 1 2
5857871 1 2
5857938 0 2
5859207 0 2
5859289 1 2
5861160 2 3
5865058 1 3
5866038 0 2
5870192 1 3
5870309 0 1
5873335 0 1
5873848 0 1
5875035 1 3
5879119 0 1
5881891 2 2
5883419 2 4
5883773 1 2
5884070 1 2
5886207 0 2
5886447 0 2
5887059 1 3
5887658 -1 1
5888127 1 2
5892339 2 3
5894067 1 2
5895708 1 3
5897833 1 2
5897956 1 3
5898282 1 2
5899309 1 2
5901468 3 4
5901534 0 2
5902708 2 4
5903049 1 2
5904581 1 2
5905560 1 3
5906750 1 1
5907006 1 2
5907419 1 2
5907890 1 2
5911313 0 2
5911417 1 2
5911950 0 2
5913987 0 2
5914703 0 2
5915501 2 4
5915641 1 2
5916040 0 2
5918240 -1 2
5925175 1 3
5928822 2 3
5930433 0 2
5933111 1 3
5935420 1 2
5935649 1 3
5937359 1 2
5937668 1 3
5938022 0 2
5940260 2 3
5940998 1 2
5941273 0 2
5942775 2 3
5944548 1 2
5944750 1 2
5945808 1 2
5946797 1 2
5949057 0 1
5951435 0 1
5952769 0 2
5956185 1 2
5958357 1 2
5958979 0 1
5960295 0 2
5961182 1 2
5962911 1 1
5963150 1 2
5963795 1 2
5966365 1 2
5966372 2 3
5969403 0 2
5969551 2 3
5969779 1 3
5970092 2 3
5977844 1 2
5977996 2 2
5978204 0 2
5978450 1 2
5984134 0 2
5986733 1 2
5987212 1 2
5988312 1 3
5988760 1 1
5990177 1 2
5992281 0 2
5993613 1 3
5994303 1 2
5994536 2 4
5995325 1 2
6000090 0 2
6000351 1 2
6001135 0 1
6001456 0 2
6001902 1 2
6003614 0 2
6003885 1 2
6004087 0 1
6004179 1 2
6004621 0 2
6006717 2 3
6009095 0 2
6009243 1 2
6009814 1 2
6010487 1 2
6015491 1 3
6016240 2 3
6016395 0 2
6019080 2 3
6019216 2 3
6020957 1 2
6022135 1 2
6023245 0 1
6023736 1 2
6026028 1 2
