1005001
1011609
1012733
1014192
1021502
1037518
1043067
1060251
1069713
1074044
1086798
1095416
1112846
1119383
1123251
1123373
1128392
1129559
1144034
1166372
1171269
1188398
1189718
1194462
1197429
1198950
1200307
1201551
1205831
1209121
1217445
1218030
1219222
1225223
1229986
1234426
1239721
1251252
1251335
1268245
1283952
1284077
1286060
1288814
1295648
1296210
1298279
1303521
1312282
1314663
1314767
1317759
1320268
1321966
1325989
1329164
1333365
1338417
1349141
1353374
1376023
1381744
1392176
1393771
1398281
1402107
1402944
1405475
1406556
1407937
1410139
1413775
1415551
1419195
1419663
1421694
1422744
1433950
1449835
1454551
1456029
1456151
1456392
1456822
1456884
1457380
1459557
1464124
1465277
1473103
1474306
1482910
1486164
1492196
1501753
1503296
1507264
1518851
1527110
1528838
1534183
1535189
1535909
1536989
1538711
1549140
1556631
1557188
1558353
1566288
1575550
1577981
1578356
1581671
1585318
1585497
1591721
1591788
1593478
1596285
1616987
1619208
1621126
1621252
1626466
1635650
1650116
1652331
1655182
1663798
1664000
1664924
1664997
1667578
1670210
1671247
1672948
1673112
1675736
1677919
1683042
1684788
1690891
1692724
1693095
1699588
1706412
1711621
1717511
1718912
1720462
1723861
1725914
1728348
1731918
1734166
1735143
1739710
1739969
1740251
1743127
1749196
1755006
1759973
1762136
1767922
1774449
1782713
1789175
1796153
1810919
1821358
1822420
1851121
1860387
1864817
1865300
1867418
1868035
1869801
1886872
1887274
1889511
1892243
1896852
1919196
1919820
1922972
1923227
1945324
1957149
1958829
1971072
1974671
1979678
1997936
2006325
2016471
2019846
2023968
2029229
2031534
2031757
2032826
2044027
2047756
2047825
2048001
2052109
2060552
2069055
2081482
2088979
2090606
2095559
2105818
2108041
2121218
2123768
2126053
2130504
2132639
2134374
2137360
2142965
2146928
2149912
2154808
2156834
2160748
2163967
2176503
2178700
2180099
2183585
2190960
2195125
2195614
2198643
2207418
2219483
2223529
2227697
2231466
2235446
2240679
2244133
2246013
2251512
2255725
2257895
2265579
2266933
2278227
2278393
2308905
2310145
2310643
2314026
2319430
2321480
2323466
2341647
2352101
2355937
2358040
2358347
2361356
2361476
2364826
2369926
2372211
2381123
2384550
2385296
2389693
2389845
2405229
2409495
2422584
2435683
2437134
2440036
2445912
2452597
2477908
2484792
2485870
2500894
2501628
2505511
2510664
2513319
2525424
2526838
2531699
2535934
2537481
2537751
2539240
2548789
2566915
2567987
2574418
2574733
2574772
2581338
2598502
2599051
2620444
2629492
2630737
2632830
2633418
2637729
2639192
2640817
2647127
2664294
2665861
2670857
2676709
2682381
2684640
2695893
2700750
2702419
2706182
2707133
2713635
2714146
2714828
2719769
2729080
2734297
2735855
2739805
2740713
2745632
2747104
2758652
2769581
2771814
2775021
2786964
2796641
2802267
2806635
2807043
2807513
2811672
2828860
2832118
2834811
2835355
2837596
2849903
2849988
2850852
2851125
2853738
2859884
2890650
2893529
2894407
2905838
2915784
2915873
2917322
2927318
2928394
2939749
2941771
2945765
2947553
2949484
2951040
2951051
2952053
2960480
2963856
2971091
2973249
2978821
2981407
2989066
2993913
3003631
3006286
3006638
3008399
3012773
3020998
3043208
3043373
3046273
3059114
3070993
3081551
3088472
3089715
3102803
3128710
3132029
3134277
3141647
3155416
3156693
3166304
3172570
3176317
3176407
3177656
3183613
3185924
3188694
3193646
3193883
3195758
3196210
3199166
3206485
3212067
3227578
3231464
3258490
3260814
3267926
3269043
3273401
3277635
3279172
3287986
3295140
3304062
3311664
3326091
3332192
3336444
3336660
3337347
3342654
3343376
3363042
3366332
3371306
3391553
3392078
3394313
3397329
3400466
3419893
3420622
3431950
3434293
3439192
3441505
3445606
3446151
3446567
3448426
3457640
3463087
3472689
3500815
3503141
3509907
3510614
3511912
3517517
3533984
3534145
3538039
3539076
3540659
3551526
3556867
3557291
3560678
3563006
3564465
3584469
3593882
3594733
3616167
3622943
3631498
3632101
3632366
3637945
3643751
3655057
3664950
3680064
3681285
3691805
3696889
3698123
3699940
3713867
3714109
3716761
3717097
3720451
3722477
3732074
3733694
3737974
3741807
3745526
3757074
3760161
3767104
3782897
3787519
3787723
3788128
3792323
3804564
3810120
3822599
3826434
3826525
3834913
3842770
3848244
3850183
3853223
3853681
3857016
3863156
3863260
3868529
3876894
3883960
3892649
3900855
3905800
3908309
3909427
3920791
3930574
3932246
3937205
3944945
3949481
3957667
3964657
3966837
3970078
3979280
3987183
3994007
4016804
4017703
4030451
4036138
4039935
4039940
4045170
4046119
4052521
4052691
4064988
4073302
4078432
4079023
4088986
4089435
4095609
4107029
4112030
4113257
4113950
4114549
4115486
4117847
4118184
4125398
4129868
4135455
4137504
4137900
4140556
4141513
4142311
4142966
4150555
4153903
4167918
4168812
4171533
4172073
4174865
4197100
4197662
4198778
4199123
4200649
4201837
4216595
4218630
4223775
4224015
4229287
4230179
4233449
4245036
4245106
4254558
4263408
4272216
4289789
4290986
4296393
4297322
4303125
4305594
4307873
4314361
4327591
4329067
4341492
4344792
4348494
4351000
4351982
4352017
4352618
4354745
4360331
4361503
4373160
4382804
4386498
4389166
4404921
4411929
4417923
4418162
4422802
4424379
4430877
4433715
4440251
4445029
4452493
4470086
4470739
4473859
4484123
4490677
4495957
4505063
4517061
4529522
4549732
4551648
4567022
4574171
4585902
4587178
4588917
4598643
4616488
4624186
4625491
4626132
4626621
4632650
4638074
4644462
4648421
4652715
4653310
4654680
4655049
4663618
4669114
4672559
4677574
4681679
4683971
4685472
4689126
4697913
4718192
4727038
4737909
4737936
4753212
4767411
4788486
4799079
4803374
4815034
4820328
4822278
4840711
4841312
4854559
4863090
4871966
4877353
4883699
4888829
4916962
4922442
4936213
4936676
4939252
4946387
4947068
4958982
4962126
4964748
4971962
4973253
4975386
4989695
4993568
5002235
5003997
5006797
5025534
5030670
5035189
5035665
5039287
5043450
5050351
5051999
5054349
5074827
5075285
5077083
5078554
5079504
5086399
5103771
5105112
5106446
5106611
5115369
5116048
5125821
5127541
5131175
5131909
5132020
5135361
5138953
5140384
5147656
5157533
5158028
5161305
5167035
5167875
5185505
5188161
5192416
5197368
5198676
5199258
5203547
5211159
5212935
5215785
5222932
5228486
5229454
5229757
5231094
5232641
5246028
5246842
5246983
5250213
5255126
5257069
5262588
5266847
5269558
5273402
5277860
5284017
5286543
5286560
5295985
5299239
5308723
5320469
5322707
5349128
5350506
5364706
5371945
5373171
5374026
5374185
5375034
5375270
5384293
5402846
5407237
5417562
5424753
5426690
5431221
5436983
5439009
5440598
5464342
5473347
5495829
5508895
5516998
5520229
5522106
5522122
5544839
5561947
5579146
5582449
5588703
5593325
5599039
5600065
5605650
5607540
5609673
5610779
5618097
5619424
5620803
5623726
5630933
5635778
5637697
5642644
5645846
5647658
5667419
5678999
5681322
5693947
5707072
5709073
5718152
5724982
5725341
5731949
5732320
5732795
5736794
5738690
5742676
5742932
5745782
5752523
5752620
5753193
5760399
5777783
5778257
5778284
5788407
5791608
5794266
5795786
5796849
5805535
5805672
5812273
5814902
5817624
5820806
5835184
5835808
5837815
5838636
5842134
5842701
5849834
5857655
5857883
5863221
5867225
5870908
5873376
5884472
5888353
5888845
5896612
5905557
5912173
5914071
5921404
5925260
5927105
5932877
5937542
5968564
5972042
5980565
5981327
5984672
5986119
5997979
6008194
6015549
