1001553 85 136 50 102 53
1003105 83 141 45 105 61
1003177 77 143 46 105 67
1003323 85 146 30 82 62
1004877 77 135 48 111 64
1005085 79 141 41 98 63
1006748 83 130 55 111 57
1006815 88 139 43 91 52
1008454 82 136 45 95 55
1009621 79 143 40 104 65
1012388 87 144 41 89 58
1012509 85 139 46 100 55
1013075 83 141 38 90 59
1019300 75 141 38 98 67
1023154 82 133 47 99 53
1023168 87 136 44 92 50
1023753 85 149 53 105 65
1027134 80 141 40 90 62
1027278 85 135 55 103 51
1027313 85 144 35 82 60
1027983 82 146 40 96 65
1030126 88 138 61 111 51
1031279 85 130 44 101 58
1033513 80 131 49 103 55
1036365 88 149 50 105 62
1036952 85 139 51 99 55
1037507 82 134 30 84 55
1038689 85 138 56 111 56
1042592 85 141 40 99 60
1043602 85 139 54 110 57
1043788 87 141 40 94 55
1043973 77 131 48 100 55
1045685 85 146 42 87 62
1049338 75 133 48 103 59
1049558 77 138 45 105 62
1051607 82 138 41 104 64
1052312 86 141 46 100 56
1055488 83 136 43 89 54
1057856 88 141 48 94 54
1059315 82 139 41 94 58
1060224 85 143 41 97 59
1060297 80 146 46 97 67
1060617 80 143 38 99 64
1060793 88 141 50 98 54
1061767 75 126 48 98 52
1062880 87 126 43 96 54
1063523 85 143 40 101 62
1068917 87 134 40 93 54
1069510 87 141 38 87 55
1072299 80 131 42 97 56
1075100 82 143 37 98 62
1075740 79 141 41 98 63
1076671 83 134 49 102 54
1078494 85 144 46 95 60
1079059 83 138 36 99 64
1079679 79 133 35 95 61
1084667 87 134 44 87 48
1085789 85 136 35 84 52
1087419 92 139 52 94 48
1088220 85 125 55 103 49
1088447 87 141 46 99 55
1088596 87 131 34 84 51
1089340 92 136 51 100 50
1089956 88 143 37 85 56
1090805 82 144 32 90 63
1091016 85 148 46 108 64
1091886 80 144 28 86 65
1092812 82 139 41 94 58
1093616 82 143 48 101 62
1094442 86 130 64 111 48
1094676 85 141 29 81 57
1098180 77 123 53 113 61
1098358 83 136 58 118 61
1099356 85 141 43 94 57
1101000 82 146 35 86 65
1101325 83 146 40 99 64
1101778 85 138 61 119 59
1101784 83 143 31 82 61
1102100 85 131 50 103 54
1102159 77 130 38 104 67
1104161 87 146 37 90 60
1105844 86 136 58 105 51
1106075 80 141 42 98 62
1107903 83 138 42 93 56
1109639 83 145 40 96 63
1112429 85 133 51 103 53
1112586 85 133 51 109 59
1113839 88 141 47 95 54
1116114 83 145 46 108 63
1120293 87 144 43 94 58
1120717 83 122 56 105 50
1121305 85 141 48 98 57
1123116 87 141 44 100 57
1123337 85 136 38 92 55
1124795 87 143 40 94 57
1125469 88 139 43 91 52
1127994 80 134 47 103 57
1128583 85 141 46 98 57
1129640 82 138 32 80 57
1129830 83 135 48 106 59
1133396 86 141 42 98 57
1135418 82 145 37 86 64
1135902 80 146 34 100 67
1137386 82 138 35 93 59
1137973 80 133 40 98 59
1138393 85 141 32 83 57
1141102 83 141 50 103 59
1141249 83 128 46 95 50
1145973 90 149 46 102 60
1147182 82 134 39 95 57
1147583 88 139 34 80 52
1147604 85 140 40 91 56
1147822 82 121 44 95 52
1148274 85 143 46 100 59
1148911 79 134 49 97 56
1149389 85 134 36 82 50
1151766 83 138 58 106 56
1151816 86 146 45 95 61
1152897 85 141 40 93 57
1153555 87 136 41 89 50
1153827 83 123 66 116 51
1155196 91 141 55 101 51
1156688 85 126 67 121 55
1156718 87 138 38 81 52
1157206 82 135 53 100 54
1157399 82 136 41 96 56
1158104 83 149 32 93 67
1158299 88 139 35 79 52
1158384 87 134 52 100 49
1160471 88 141 41 90 54
1160907 83 136 41 95 55
1164123 88 134 54 105 52
1165429 87 136 43 86 50
1165651 82 133 60 109 52
1166300 80 130 57 112 56
1167280 87 141 44 103 60
1168100 83 131 51 104 54
1170564 87 143 41 100 60
1171933 75 149 42 106 75
1172652 85 133 48 109 62
1173750 78 133 43 106 64
1175022 88 140 48 93 53
1175766 87 136 47 102 56
1176627 80 133 51 108 58
1177068 83 143 38 94 61
1177578 82 146 40 95 65
1178335 87 138 53 107 55
1179098 85 138 48 90 54
1179333 92 133 53 101 49
1181025 85 138 44 97 54
1184095 82 139 43 99 58
1185237 88 136 49 97 49
1186163 87 133 48 112 65
1186264 85 138 43 96 54
1190161 80 136 30 85 57
1191560 85 143 42 100 59
1193327 78 138 46 98 61
1194700 82 146 34 84 65
1194860 85 151 44 97 67
1196200 85 136 51 98 52
1197527 78 136 48 111 64
1198540 85 133 51 104 54
1198805 75 135 42 90 61
1200109 87 131 34 81 48
1203290 83 138 47 93 56
1204256 83 143 39 84 61
1204952 88 138 29 75 51
1205641 82 138 51 109 59
1207016 82 141 41 90 60
1207796 90 141 47 100 54
1208793 83 140 45 95 58
1210382 86 141 37 86 56
1212379 83 145 48 100 63
1213144 80 125 69 120 52
1213661 83 134 46 102 57
1215725 87 136 49 98 50
1217350 83 138 41 93 56
1217757 80 133 50 106 57
1218404 82 130 56 110 55
1218473 83 154 43 105 72
1218870 86 136 43 85 51
1219551 83 136 41 96 56
1220515 79 138 39 94 60
1223452 79 134 35 86 56
1228801 90 141 35 81 52
1230751 82 133 33 86 54
1234402 85 141 46 100 57
1236028 83 136 37 86 54
1236838 83 128 53 109 57
1237366 82 136 44 102 59
1239792 85 130 68 123 56
1240038 80 141 40 96 62
1240815 87 147 30 81 61
1242194 85 134 40 86 50
1243563 82 148 46 100 67
1245026 82 141 53 109 60
1245793 85 138 32 83 54
1246405 82 125 54 108 55
1246712 83 146 37 93 64
1253518 80 130 46 111 66
1254339 80 128 46 111 66
1254682 78 135 46 109 64
1255220 77 133 42 93 57
1255416 87 136 40 90 51
1256298 79 126 57 110 54
1256708 83 138 59 113 56
1260296 74 118 53 111 59
1261389 85 131 63 116 54
1263382 90 136 34 75 47
1264271 83 138 61 112 56
1264943 87 136 50 94 50
1265893 83 138 30 83 56
1267284 80 126 42 96 55
1269544 67 123 28 77 57
1271464 88 138 41 92 52
1271897 82 147 34 90 66
1272864 83 126 49 107 59
1272885 85 141 51 103 57
1273702 87 141 30 78 55
1276077 87 141 26 74 55
1281539 83 146 34 86 64
1282848 88 143 49 102 56
1284733 85 143 42 95 59
1286921 79 134 40 92 56
1286930 85 138 51 106 56
1287511 83 139 24 76 57
1291074 87 138 31 75 52
1291991 85 144 48 104 60
1292325 87 133 42 90 49
1296145 87 136 47 93 50
1296204 85 141 38 92 57
1296800 85 130 48 99 52
1297177 82 131 52 105 54
1297713 83 149 48 103 67
1300094 83 133 31 74 51
1300951 77 141 40 96 65
1301341 87 138 44 92 52
1301497 85 143 29 78 59
1302788 83 123 49 101 53
1303064 83 128 60 116 57
1307345 82 133 44 98 55
1308075 85 135 50 113 64
1308892 82 136 46 106 61
1309884 87 139 54 108 55
1310313 85 126 55 106 52
1311397 101 154 77 122 54
1315083 98 154 53 113 61
1316244 83 139 40 89 57
1319587 87 136 45 96 52
1320442 107 160 72 120 54
1320559 90 138 43 92 50
1326489 90 140 46 88 51
1327298 87 136 44 92 50
1327618 88 139 28 74 52
1327689 82 133 51 106 56
1329938 77 125 46 102 57
1332714 79 126 59 121 63
1334197 82 136 46 103 58
1335757 83 136 48 103 56
1336389 85 140 40 88 56
1337697 82 136 50 113 64
1338345 85 143 38 96 59
1338880 85 143 48 100 59
1342552 88 144 33 82 57
1342573 83 143 42 103 62
1343112 85 144 34 80 60
1345676 77 126 40 102 63
1346050 87 143 44 94 57
1346218 83 143 38 88 61
1349446 83 143 30 87 61
1350680 85 141 50 98 57
1351156 87 147 28 68 61
1351291 90 143 40 85 54
1352181 80 138 42 97 59
1354553 82 136 54 113 60
1354670 83 139 38 94 57
1354876 86 140 46 95 55
1356358 82 144 32 85 63
1356390 90 143 35 75 54
1356415 88 134 32 81 50
1357530 87 136 62 108 50
1358002 87 136 54 108 55
1358411 82 130 45 104 60
1360005 83 133 47 98 52
1361117 77 128 56 121 66
1362473 82 135 50 105 56
1362641 87 138 29 75 52
1363291 87 138 30 74 52
1364364 75 149 38 99 75
1366783 88 136 46 100 55
1368479 85 141 36 91 57
1371495 82 136 33 85 55
1373775 82 133 46 102 57
1374587 88 125 78 123 46
1375206 82 126 69 120 52
1375257 85 136 33 83 52
1376252 83 131 40 86 49
1378512 79 138 40 96 60
1381676 80 138 46 101 59
1382302 83 128 53 107 55
1383656 83 128 66 113 48
1384872 85 138 40 94 55
1385247 85 140 45 96 56
1385346 80 139 33 83 60
1385456 83 134 43 104 62
1387234 88 139 42 88 52
1388057 85 131 56 113 58
1388451 83 130 54 112 59
1388513 82 138 41 88 57
1389142 87 139 37 90 54
1389972 77 136 45 93 60
1390030 80 136 33 91 59
1391595 80 140 42 103 62
1394413 85 149 33 91 65
1396345 75 128 32 81 54
1397578 87 138 38 86 52
1398872 87 138 51 104 54
1399699 90 138 56 100 49
1404425 87 134 46 97 52
1404975 77 141 40 93 65
1406685 87 138 49 100 52
1408858 88 135 55 109 55
1411466 82 138 38 82 57
1413621 87 133 46 90 47
1414341 83 143 39 94 61
1414921 82 130 35 86 52
1415430 82 128 47 100 54
1416615 90 135 56 105 50
1417323 83 148 46 103 66
1422195 85 131 40 91 52
1423649 80 141 42 103 62
1423999 83 141 41 96 59
1424036 83 126 43 91 49
1425449 80 125 38 81 46
1426203 74 128 43 107 65
1426510 83 130 51 113 63
1427678 85 138 55 114 60
1427684 78 146 42 101 69
1429487 87 139 28 80 53
1430567 82 138 34 85 57
1432473 82 146 42 100 65
1433141 83 122 55 106 52
1434180 82 138 38 99 62
1437752 72 125 53 109 57
1439780 87 133 55 104 50
1440172 82 138 45 103 59
1441230 85 139 39 89 55
1441566 82 128 45 98 54
1442005 77 131 48 109 62
1442733 87 141 32 93 62
1443565 79 144 42 105 66
1444520 90 141 49 99 52
1445903 85 136 50 101 52
1446944 85 138 50 94 54
1447251 79 139 46 100 61
1448170 80 136 50 109 60
1449937 90 141 50 95 52
1452200 82 136 24 74 55
1452599 80 130 53 111 59
1455467 79 139 41 97 61
1455753 83 141 46 95 59
1456765 88 143 49 97 56
1458778 83 133 43 97 55
1462308 97 150 85 120 54
1463359 79 128 52 102 51
1463654 80 141 40 93 62
1474231 83 130 58 109 52
1475464 85 143 48 95 59
1476314 82 131 46 108 63
1476449 85 135 51 106 56
1479992 80 135 58 118 61
1482234 80 146 37 88 67
1483742 79 133 44 102 59
1483920 85 138 63 113 54
1484960 82 131 37 90 54
1486578 83 140 35 83 58
1487421 82 145 40 96 64
1489525 87 130 33 79 47
1493022 83 139 44 107 64
1493084 83 131 36 91 56
1494515 85 144 38 95 60
1494961 82 139 49 107 59
1496241 85 138 35 87 54
1497507 82 140 53 106 59
1498452 87 136 45 95 51
1498735 83 135 50 108 59
1499492 77 141 35 101 67
1499732 80 130 51 105 55
1500066 85 143 37 91 59
1505952 86 135 53 108 56
1510346 86 145 40 90 60
1512088 85 147 40 94 63
1512437 72 125 42 100 59
1512943 82 121 41 92 52
1513028 83 135 58 111 54
1513120 82 139 43 107 65
1516152 87 133 40 91 52
1516594 85 138 47 101 55
1520230 88 136 38 90 53
1522047 80 136 41 97 57
1522615 79 131 42 101 60
1525431 87 139 43 92 53
1525760 85 140 50 101 56
1526531 85 128 55 111 57
1526554 85 143 48 106 59
1528896 82 131 55 109 55
1530009 87 136 39 88 50
1532778 80 133 58 116 59
1535399 90 143 45 90 54
1536281 92 141 36 79 50
1538140 83 143 49 106 61
1543660 83 136 47 103 57
1543859 78 125 51 116 66
1545650 88 143 32 78 56
1546459 85 134 47 112 66
1547387 83 149 30 89 67
1548315 82 140 45 103 59
1548511 88 140 48 90 53
1549124 86 133 56 103 48
1550249 83 133 42 98 57
1551290 83 134 36 86 52
1552177 83 143 41 92 61
1554850 85 141 44 95 57
1555477 69 123 51 121 71
1556256 87 146 52 111 60
1558826 85 149 43 100 65
1559971 85 130 38 85 48
1561747 83 134 44 99 56
1561967 87 130 45 95 51
1562888 82 136 33 87 55
1564904 83 138 43 100 58
1566972 87 143 38 84 57
1567848 80 134 46 100 55
1570669 87 134 36 83 48
1572747 90 138 35 79 49
1573017 80 148 53 113 69
1573579 87 139 50 108 59
1574079 85 141 45 95 57
1575392 88 136 48 90 49
1575673 85 143 54 111 59
1577234 85 143 41 100 60
1577577 77 131 58 113 56
1581609 86 126 56 101 46
1585150 85 146 45 100 62
1587185 85 139 34 79 55
1588859 85 144 41 99 60
1589561 82 128 59 112 54
1589670 90 133 56 98 44
1596695 83 138 50 93 56
1600332 85 143 40 89 59
1603613 87 133 43 86 47
1606482 82 122 61 114 54
1608004 79 130 37 95 59
1609021 75 143 44 105 69
1610725 82 146 38 96 65
1612341 83 138 48 99 56
1613900 82 138 47 105 59
1614052 86 141 58 114 57
1615252 79 139 32 91 61
1616418 88 135 55 105 51
1616759 87 138 46 94 52
1618722 80 143 42 103 64
1620193 75 138 43 116 74
1620222 83 135 50 106 57
1621079 87 136 55 111 57
1623402 90 140 63 111 51
1624104 78 135 43 106 64
1627571 82 134 43 94 53
1627891 83 138 53 108 56
1628965 83 138 50 108 59
1629435 83 138 38 99 62
1630277 82 141 45 95 60
1631921 83 138 51 107 57
1632580 90 140 68 116 51
1633154 83 145 46 108 63
1633714 83 138 45 100 56
1633918 83 136 50 105 56
1633941 82 134 52 103 53
1634689 83 131 53 108 56
1635636 83 133 41 92 52
1637387 77 126 46 100 55
1639355 83 138 48 105 58
1640447 87 139 36 82 53
1643099 86 141 45 103 59
1649181 82 131 50 111 62
1650578 75 128 42 98 57
1651500 82 128 64 119 56
1653148 82 141 42 96 60
1653165 86 141 46 90 56
1653172 83 133 55 109 55
1654588 88 151 36 92 64
1655666 83 133 47 96 51
1656935 82 140 50 111 62
1657359 82 126 58 108 51
1657542 87 139 40 88 53
1659097 83 138 36 88 56
1659196 82 144 39 100 63
1660021 83 133 44 97 54
1660329 85 138 56 105 54
1660410 82 135 45 105 61
1660579 80 133 52 110 59
1660724 82 138 38 86 57
1662456 87 138 41 89 52
1662806 109 157 82 123 49
1662945 87 139 49 102 54
1665903 83 144 42 95 62
1667741 85 133 50 97 49
1668848 80 135 50 111 62
1672636 90 141 32 83 52
1673084 85 139 27 76 55
1674400 82 141 39 92 60
1675855 88 144 49 102 57
1677468 82 139 46 103 58
1677963 85 145 43 93 61
1681095 87 134 42 93 52
1681175 85 136 44 99 56
1681222 85 135 53 106 54
1681764 85 138 53 102 54
1684897 83 134 58 117 60
1686650 82 138 50 103 57
1687729 83 144 41 100 62
1689253 92 143 48 97 52
1690999 77 128 60 116 57
1691169 87 138 41 89 52
1691919 83 136 42 91 54
1692689 83 131 57 106 50
1693326 89 152 72 123 64
1694650 83 143 41 92 61
1697389 86 136 46 100 55
1697832 85 141 40 93 57
1699606 90 147 34 85 58
1701641 82 141 40 94 60
1704737 78 128 63 119 57
1706546 85 138 55 109 55
1710457 77 136 43 96 60
1710972 87 146 41 92 60
1710994 83 138 43 99 57
1712450 85 138 48 99 54
1712657 88 135 55 103 49
1712865 85 140 45 90 56
1713882 85 136 54 107 54
1714201 90 143 30 78 54
1718633 88 138 50 103 54
1718758 79 125 54 113 60
1719148 83 144 34 90 62
1719353 80 130 56 116 61
1719960 83 136 40 99 60
1721601 82 133 49 99 52
1723052 87 143 42 94 57
1723417 80 128 57 120 64
1724221 87 141 37 83 55
1726128 85 146 48 103 62
1729085 87 139 44 100 57
1730732 83 141 38 98 61
1732961 83 128 66 118 53
1733743 90 143 46 95 54
1733881 83 136 44 98 55
1743782 73 125 50 108 59
1743978 85 123 81 129 49
1744266 85 134 47 99 53
1749138 82 143 31 83 62
1749927 88 138 45 90 51
1750782 87 149 42 105 64
1751537 85 138 45 90 54
1752321 92 154 78 125 63
1752456 77 133 37 98 62
1752968 82 149 34 90 68
1755248 86 131 63 113 51
1755974 82 145 37 96 64
1756156 85 136 56 104 52
1760343 83 138 37 86 56
1761514 85 141 43 91 57
1762497 88 146 42 90 59
1763787 80 125 51 107 57
1763948 82 136 48 99 55
1765168 75 138 58 121 64
1770336 87 138 43 90 52
1771988 85 134 42 95 54
1772157 83 143 40 99 61
1772300 87 141 29 81 55
1772626 82 138 36 84 57
1773691 82 143 29 90 62
1774267 83 138 49 102 56
1776185 85 135 50 113 64
1782820 88 143 46 91 56
1786613 86 129 78 122 45
1786703 82 138 38 97 60
1789120 82 140 43 96 59
1791066 85 136 60 118 59
1795978 79 136 38 97 60
1797714 85 143 50 101 59
1798472 80 126 63 114 52
1800471 77 122 50 105 56
1801038 88 147 29 81 60
1802491 80 141 35 96 62
1803482 88 139 62 113 52
1803545 80 139 39 98 60
1811526 83 141 35 91 59
1813811 90 143 48 96 54
1816630 83 136 34 77 54
1817421 90 135 53 93 46
1818034 82 135 51 108 58
1818378 88 139 48 94 52
1818830 85 130 64 114 51
1818985 88 146 37 88 59
1819321 101 150 80 112 50
1823245 85 146 43 90 62
1827720 83 141 45 93 59
1828859 82 143 28 77 62
1829184 83 141 43 96 59
1829464 83 146 55 114 64
1829687 87 133 44 99 56
1831025 82 131 49 108 60
1832265 83 123 46 97 52
1833288 83 144 41 92 62
1833911 79 131 46 102 57
1837046 85 139 35 87 55
1837361 79 136 49 106 58
1838690 86 141 50 105 56
1839099 85 145 45 109 65
1841880 83 120 56 107 52
1842378 83 140 43 98 58
1843512 88 134 53 102 50
1844668 85 136 40 87 52
1844840 87 134 51 99 49
1846274 82 140 45 98 59
1848251 88 141 28 72 54
1848741 85 131 35 81 47
1849804 80 123 47 103 57
1850061 83 136 50 100 54
1850247 83 146 45 103 64
1851011 88 136 41 88 49
1852305 87 139 47 95 53
1852831 85 133 62 108 49
1855543 85 140 50 101 56
1856438 88 134 48 96 49
1857320 82 143 32 92 62
1859273 87 134 55 106 52
1862980 85 138 58 113 56
1865071 77 139 45 107 63
1866055 82 133 60 111 52
1868114 85 141 36 95 60
1870390 83 135 51 101 53
1871465 90 138 31 80 50
1871506 83 143 45 102 61
1872295 85 141 38 95 58
1873631 82 144 44 105 63
1875383 85 133 42 94 53
1876341 87 136 47 91 50
1876526 83 141 36 90 59
1877697 82 149 36 90 68
1877709 85 143 43 95 59
1877821 78 140 43 90 63
1879564 85 138 51 101 54
1879634 82 136 37 84 55
1881960 85 136 34 83 52
1883621 79 133 50 107 58
1885175 87 143 41 97 57
1888839 83 146 34 90 64
1889932 85 143 43 94 59
1891357 83 130 57 112 56
1891480 85 131 39 95 57
1894530 85 146 38 91 62
1895140 87 138 47 102 56
1895201 83 146 36 92 64
1895666 83 143 41 93 61
1896325 87 126 43 94 52
1896623 77 133 50 109 60
1897626 88 144 28 79 57
1897788 83 138 54 102 56
1897981 82 136 50 111 62
1902598 82 134 29 83 55
1913172 88 136 48 91 49
1914079 90 139 51 101 51
1918286 87 130 44 94 51
1918545 83 139 40 91 57
1919406 85 133 61 113 53
1919439 82 136 46 103 58
1920920 87 141 38 87 55
1921926 87 138 48 94 52
1922196 83 135 51 101 53
1924251 83 133 51 105 55
1924718 70 138 36 97 69
1927192 79 130 49 115 67
1927214 85 133 45 97 53
1929686 79 131 43 105 63
1930752 83 134 40 92 53
1931853 82 141 38 92 60
1937467 88 128 48 99 52
1937886 82 126 48 96 49
1940736 80 141 39 97 62
1941613 88 135 63 116 54
1942171 86 138 40 86 53
1944120 87 138 32 76 52
1945827 87 139 39 87 53
1945962 85 133 54 108 55
1946711 80 138 53 105 59
1947620 79 121 61 115 55
1947719 85 138 49 108 60
1949692 85 143 37 85 59
1950161 85 133 40 89 50
1950994 77 130 43 107 65
1951224 87 139 38 89 53
1952615 83 143 30 86 61
1955192 90 145 60 114 56
1956587 85 128 49 102 54
1958134 87 141 39 88 55
1958156 79 143 51 102 65
1959353 80 130 49 109 61
1959984 87 139 29 79 53
1960755 85 143 40 90 59
1962935 88 138 39 94 56
1963427 83 139 43 91 57
1964022 85 130 63 116 54
1964677 85 133 66 123 58
1966064 87 144 36 87 58
1966266 85 134 40 90 51
1966729 85 140 53 109 57
1968135 85 143 46 102 59
1970407 87 146 62 113 60
1971487 85 145 48 101 61
1973474 78 148 46 100 71
1973627 82 126 56 105 50
1974581 82 143 37 88 62
1976202 78 128 50 109 60
1977272 80 139 43 102 60
1980936 85 136 60 118 59
1982116 82 125 57 113 57
1982630 82 133 38 93 56
1983367 87 141 54 106 55
1984020 82 128 44 95 52
1985289 88 131 61 106 46
1985333 87 138 47 103 57
1985596 83 143 42 98 61
1990935 87 143 26 77 57
1992668 83 131 51 105 55
1994854 93 143 53 111 59
1995221 85 139 46 102 57
1995900 87 134 45 96 52
1996836 83 138 40 90 56
1998041 85 133 33 83 51
1998901 87 144 26 70 58
1999124 85 120 51 106 56
2001166 83 133 50 96 51
2001559 87 138 46 97 52
2003088 77 130 55 109 55
2003250 87 128 53 99 47
2004168 85 136 40 90 52
2006690 85 125 50 101 52
2007613 82 134 57 118 62
2008476 87 138 38 88 52
2010256 83 141 37 93 59
2011092 83 140 55 109 58
2012296 88 138 76 116 51
2018258 86 140 58 106 55
2020435 83 149 35 90 67
2022533 79 136 32 83 58
2022651 82 148 37 96 67
2022821 87 139 44 94 53
2023029 79 143 47 104 65
2024721 85 130 55 106 52
2026269 93 149 49 102 57
2026768 75 133 46 108 63
2027170 88 138 52 101 51
2027249 86 145 53 106 60
2027989 83 128 70 121 52
2032209 80 128 55 105 51
2032380 85 146 41 99 62
2032428 82 136 47 105 59
2033648 90 139 54 103 50
2034063 82 130 46 97 52
2036041 85 139 50 109 60
2036817 88 138 51 101 51
2039678 90 141 30 76 52
2043075 85 143 29 82 59
2043888 97 154 80 125 58
2044048 87 125 60 108 49
2044130 85 134 51 103 53
2045677 85 136 50 105 56
2046665 87 134 41 89 49
2047775 83 136 46 110 65
2049218 79 146 32 83 68
2050783 77 130 46 95 54
2052587 85 141 43 91 57
2052890 82 128 57 107 51
2054387 87 147 43 105 63
2054611 82 126 50 106 57
2057267 83 134 44 97 54
2057922 95 149 37 96 60
2058312 83 146 29 85 64
2059070 88 130 36 82 47
2060269 85 138 43 91 54
2061297 87 139 40 91 53
2061674 85 141 40 88 57
2062154 80 138 42 95 59
2062956 88 141 39 95 57
2063359 85 136 37 80 52
2064475 87 143 35 88 57
2065277 80 136 52 105 57
2065722 82 134 44 107 64
2071168 92 149 29 78 58
2072980 86 135 56 106 51
2074343 85 141 36 90 57
2075178 88 140 50 98 53
2077878 85 144 32 83 60
2078625 82 123 48 99 52
2080518 82 135 55 113 59
2081502 86 140 51 100 55
2084675 83 134 38 97 60
2087049 83 138 38 94 57
2088384 85 135 53 103 51
2090363 80 123 55 111 57
2091571 88 141 31 79 54
2095958 82 136 41 91 55
2096348 82 143 51 108 62
2098212 82 128 51 101 51
2098585 82 123 56 110 55
2098854 85 141 46 96 57
2099694 92 143 40 88 52
2100507 85 141 41 100 60
2100919 90 138 32 80 49
2104802 82 130 59 108 50
2105269 79 134 44 99 56
2106630 87 146 37 83 60
2109140 83 140 50 101 58
2109610 85 141 48 101 57
2111295 93 138 39 82 46
2111382 87 139 52 111 60
2115835 86 141 40 86 56
2116236 83 138 43 95 56
2117456 106 154 88 123 49
2119307 85 140 58 109 56
2120360 92 141 48 94 50
2121036 82 140 50 106 59
2122272 77 134 29 90 62
2122832 85 140 50 98 56
2122992 82 143 30 84 62
2123364 82 136 56 113 58
2124764 87 141 50 98 55
2124880 90 139 38 85 50
2126247 83 147 33 81 65
2126843 86 140 38 88 55
2128664 90 131 50 99 50
2129031 87 147 28 79 61
2130994 82 145 35 88 64
2132324 82 138 48 105 58
2133012 87 141 43 93 55
2137958 85 141 34 93 60
2140340 85 138 45 98 54
2142768 96 142 83 120 47
2146769 72 125 51 109 59
2147130 83 135 58 113 56
2151326 87 143 43 105 63
2151563 82 139 38 89 58
2151758 85 134 45 93 50
2152104 82 143 50 103 62
2152357 88 143 38 88 56
2156484 77 131 44 100 57
2157376 82 130 58 117 60
2157811 85 138 49 109 61
2158235 87 143 60 115 57
2158349 90 144 39 88 55
2158718 79 133 41 104 64
2160330 82 130 48 106 59
2165793 87 138 33 79 52
2165812 82 134 41 95 55
2166947 80 133 44 96 54
2167006 83 133 41 93 53
2167320 87 143 35 81 57
2168386 85 138 42 98 57
2168687 85 136 51 105 55
2169023 87 134 36 82 48
2174183 85 140 48 100 56
2176252 87 131 49 98 50
2176872 80 128 44 99 56
2179360 80 138 41 104 64
2179640 82 138 53 119 67
2180070 83 151 33 92 69
2180494 85 141 31 80 57
2181874 88 128 68 118 51
2183338 88 141 45 99 55
2185279 83 135 51 116 66
2186242 91 143 50 100 53
2188476 87 141 46 102 57
2188864 82 136 60 113 55
2190802 85 141 43 98 57
2191230 87 128 46 89 44
2193056 82 141 43 95 60
2194188 82 141 37 88 60
2194325 85 147 34 87 63
2194520 87 141 39 87 55
2194757 83 143 39 85 61
2195167 88 151 40 100 64
2195200 83 141 33 89 59
2199730 83 136 43 94 54
2201761 90 143 58 111 54
2203229 87 136 51 99 50
2203398 83 141 45 99 59
2205207 87 138 38 84 52
2207317 88 138 56 101 51
2208439 85 141 29 81 57
2208504 78 135 48 100 58
2212342 82 144 37 94 63
2212813 85 136 48 101 54
2215980 85 140 51 103 56
2218937 82 143 28 87 62
2219126 85 140 43 95 56
2221741 85 141 30 83 57
2222615 85 131 57 118 62
2222753 77 151 26 89 75
2222761 87 136 36 84 50
2222920 85 141 45 91 57
2223083 90 146 42 86 57
2223416 85 135 58 109 52
2226424 82 123 61 114 54
2229831 80 138 33 82 59
2232499 83 133 62 117 56
2232924 82 128 55 106 52
2233068 83 140 55 108 58
2233762 85 143 54 109 59
2233953 82 141 37 90 60
2236351 70 117 47 96 50
2237422 83 144 43 107 65
2239958 90 138 38 77 49
2240685 80 135 46 103 58
2242220 82 146 31 82 65
2242819 87 143 39 89 57
2242904 83 138 46 95 56
2243079 82 133 52 103 52
2244984 80 141 34 85 62
2248093 87 131 52 99 48
2248869 85 143 40 100 61
2251330 80 136 42 105 64
2252292 88 136 60 106 49
2252457 83 128 53 107 55
2252636 80 139 50 102 60
2253233 87 139 49 102 54
2253710 77 141 38 98 65
2254395 83 143 36 84 61
2255405 82 125 58 109 52
2258590 80 131 51 104 54
2261037 85 145 45 96 61
2262619 87 134 59 110 52
2262709 82 117 66 118 53
2264730 86 126 56 103 48
2265751 83 133 49 100 52
2268459 86 140 50 108 59
2268734 77 141 35 91 65
2269426 85 143 50 98 59
2269562 90 134 55 104 50
2270539 85 143 42 97 59
2270741 83 146 32 90 64
2271360 86 133 53 103 51
2272838 85 148 32 100 69
2274023 83 141 33 88 59
2278341 79 134 41 94 56
2279856 82 128 45 95 51
2280092 72 146 35 100 75
2280186 82 138 38 93 57
2280473 82 126 57 111 55
2280939 80 141 46 101 62
2283453 82 125 55 114 60
2284632 92 144 32 73 53
2285482 85 144 38 95 60
2287734 82 130 44 97 54
2289115 80 126 38 91 54
2290137 83 126 50 100 51
2290830 80 130 47 110 64
2291139 80 141 38 94 62
2292248 88 136 57 98 49
2294278 85 140 42 88 56
2297055 83 143 50 116 67
2297396 77 123 53 114 62
2297452 85 135 64 116 53
2303042 87 138 36 87 52
2303968 85 143 43 95 59
2304311 79 133 46 102 57
2306390 85 125 45 98 54
2307467 87 130 52 103 52
2309852 83 136 50 105 56
2310058 87 130 37 90 54
2310249 85 130 45 98 54
2310615 86 143 43 98 58
2312900 77 121 69 126 58
2316626 83 138 53 106 56
2317685 87 146 30 81 60
2320123 88 138 46 105 60
2321173 87 143 46 99 57
2322004 87 138 56 104 52
2322326 88 144 32 80 57
2323100 85 134 48 99 52
2324780 88 141 38 94 57
2326690 80 140 43 100 61
2327275 87 143 21 71 57
2328091 83 138 50 103 56
2328211 87 138 41 89 52
2328823 79 125 49 107 59
2329415 87 134 50 102 53
2329609 77 139 43 104 63
2331114 88 143 51 100 56
2331379 83 122 66 113 48
2331609 88 136 44 95 52
2336430 85 135 51 100 51
2336814 88 146 41 96 59
2337101 82 136 58 111 55
2338796 88 139 45 90 52
2339160 85 139 50 99 55
2340815 83 138 45 98 56
2341371 86 131 53 100 48
2341518 83 131 56 112 57
2342501 85 143 40 93 59
2342960 78 141 40 95 64
2346405 83 136 45 96 54
2348626 88 141 56 111 56
2349941 80 135 45 108 64
2350302 82 138 33 92 60
2350576 80 149 43 104 70
2351521 82 141 49 105 60
2352240 90 143 21 56 54
2353722 87 136 39 87 50
2354195 83 136 46 105 60
2355897 77 139 36 89 63
2356186 83 141 39 97 59
2356579 80 125 60 114 55
2359570 83 146 29 89 64
2362458 80 146 38 98 67
2366775 79 134 49 109 61
2367206 87 141 35 82 55
2370254 79 138 49 111 63
2371542 82 125 33 84 52
2371626 85 143 39 91 59
2372125 80 145 45 100 66
2374239 70 117 55 109 55
2376124 87 143 42 90 57
2377449 83 136 49 111 63
2380745 85 141 29 84 57
2381179 86 135 58 108 51
2382085 83 143 46 105 61
2383668 80 130 42 103 62
2385033 82 136 42 104 63
2385445 83 144 51 103 62
2386227 88 148 46 100 61
2386435 87 146 36 98 63
2387306 82 133 44 98 55
2388193 78 136 42 91 59
2388455 82 128 53 105 53
2389960 82 143 43 101 62
2390952 91 145 56 106 55
2394356 85 138 34 92 59
2396252 83 141 48 106 59
2399034 88 144 42 94 57
2399697 85 139 39 90 55
2399712 87 139 41 91 53
2400807 87 139 49 100 53
2401560 83 131 52 112 61
2406680 87 134 41 91 51
2407128 88 143 39 88 56
2407202 74 133 43 105 63
2411840 85 136 56 111 56
2413856 83 130 55 118 64
2414278 88 139 53 102 52
2415047 87 139 47 98 53
2415615 87 130 51 103 53
2416418 83 143 39 85 61
2416462 85 146 33 85 62
2416999 83 140 55 111 58
2417046 85 130 63 114 52
2418214 87 136 28 76 50
2424964 87 138 36 92 57
2425098 82 143 49 110 62
2430261 85 138 42 92 54
2432774 74 143 30 88 70
2434055 83 146 45 103 64
2434404 82 126 58 116 59
2436522 83 141 31 91 61
2437732 85 144 51 110 60
2439999 87 141 33 81 55
2442575 82 123 47 93 47
2442997 80 130 56 120 65
2443543 83 130 48 101 54
2444057 85 138 42 100 59
2444198 83 141 44 106 63
2444879 85 141 41 91 57
2446569 86 143 51 106 58
2447246 83 138 41 93 56
2450304 83 143 31 92 62
2450655 82 146 33 87 65
2451173 75 126 42 98 57
2452118 85 146 36 89 62
2456454 79 136 41 102 62
2456849 85 136 53 107 55
2459439 79 133 45 101 57
2460735 74 126 34 92 59
2461787 85 151 37 90 67
2462857 85 143 38 94 59
2466206 87 136 35 86 52
2466446 83 138 29 84 56
2469937 85 136 46 108 63
2470588 85 143 44 90 59
2472035 83 143 37 90 61
2475110 83 136 60 109 54
2476071 80 125 53 105 53
2476394 85 139 39 88 55
2478579 79 131 42 102 61
2479790 85 131 47 110 64
2481331 88 138 35 83 51
2481716 83 136 50 101 54
2482357 83 148 48 106 66
2483140 83 141 28 81 59
2484256 82 135 53 103 54
2484485 82 138 30 82 57
2485225 87 143 34 81 57
2487047 90 141 33 77 52
2488087 86 140 48 96 55
2490489 85 136 53 112 60
2492675 87 138 35 88 54
2493551 80 131 40 91 52
2494358 88 138 38 85 51
2495101 82 131 71 118 50
2496152 79 138 33 94 62
2496888 85 139 41 97 57
2497183 85 138 40 89 54
2497233 85 133 45 106 62
2497341 85 123 44 97 54
2501014 77 138 48 109 62
2502177 87 144 41 95 58
2502364 92 143 33 78 52
2506012 78 138 48 114 67
2506458 83 138 46 105 60
2507261 86 126 71 124 54
2507837 87 151 27 82 65
2511773 85 136 39 85 52
2512904 85 141 46 100 57
2512949 83 145 48 118 71
2515439 87 138 49 103 55
2517551 88 139 44 90 52
2517829 80 147 36 94 68
2518137 85 136 48 97 52
2521948 83 144 33 87 62
2524280 82 138 49 106 58
2525272 83 135 55 116 62
2525408 82 138 32 83 57
2526686 82 138 46 106 61
2527692 85 138 40 88 54
2529178 88 136 35 81 49
2532816 85 152 40 99 68
2534790 82 151 39 94 70
2536860 91 136 58 106 49
2538647 90 141 38 84 52
2541455 85 141 29 78 57
2544553 88 140 45 96 53
2544645 70 128 51 116 66
2547962 88 126 69 116 48
2550649 80 139 40 104 65
2552225 82 141 47 99 60
2552693 85 134 43 94 52
2559252 79 134 31 82 56
2559444 80 130 58 114 57
2561295 86 140 43 95 55
2562883 80 128 46 111 66
2564034 85 145 53 109 61
2564985 82 141 44 102 60
2565973 82 140 45 113 69
2566708 88 138 58 106 51
2568644 83 140 43 96 58
2568893 88 133 55 106 52
2569362 85 141 44 95 57
2569482 82 135 56 111 56
2570292 82 143 48 109 62
2570316 88 133 60 106 47
2570900 83 134 48 102 55
2571617 85 143 40 94 59
2572753 91 140 55 103 50
2574652 77 130 42 93 54
2582205 82 146 37 95 65
2582976 83 148 45 100 66
2585387 83 144 36 93 62
2586032 89 141 70 118 53
2589322 88 141 39 82 54
2593377 88 134 44 88 47
2595163 80 140 40 91 61
2595176 88 145 35 85 58
2596169 82 131 43 99 57
2596556 88 145 50 109 60
2600186 83 139 33 80 57
2600607 83 145 37 93 63
2602182 83 145 45 103 63
2606880 85 136 33 90 58
2607400 80 143 43 99 64
2607669 85 139 41 92 55
2610352 85 138 40 85 54
2610543 83 141 35 86 59
2612243 85 138 48 93 54
2613724 75 128 56 113 58
2614643 80 128 43 99 57
2615786 86 131 55 113 59
2616325 83 125 53 108 56
2618969 85 140 37 88 56
2619595 83 147 41 99 65
2620131 85 131 60 113 54
2621392 90 143 37 85 54
2621822 83 136 30 82 54
2623109 80 136 43 100 58
2624031 87 134 32 80 49
2625149 85 131 50 93 47
2625384 83 125 67 120 54
2625453 79 133 38 89 55
2627103 82 126 56 106 51
2628396 72 134 34 103 70
2631672 82 141 44 97 60
2632771 86 126 69 114 46
2632821 82 149 36 95 68
2634490 87 130 48 109 62
2636549 87 139 36 82 53
2636799 83 139 41 94 57
2639534 87 138 49 99 52
2640254 82 126 59 109 51
2640874 86 148 45 101 63
2641882 77 128 42 98 57
2644284 85 133 46 103 58
2647410 87 143 39 92 57
2651164 88 136 55 103 49
2652592 87 141 31 79 55
2659978 80 145 53 111 66
2660234 82 131 46 100 55
2664233 87 141 77 117 55
2665563 90 146 36 90 57
2666154 88 136 47 91 49
2666827 77 128 53 113 61
2675101 85 154 43 96 70
2675844 85 134 48 94 50
2678071 82 136 40 87 55
2679335 87 134 40 88 49
2682116 80 141 49 113 65
2683940 82 135 46 103 58
2685458 87 141 49 102 55
2688358 85 141 39 87 57
2689773 83 146 38 97 64
2689795 88 143 37 85 56
2689946 86 125 60 108 49
2690616 82 141 41 97 60
2691955 79 125 43 106 64
2697842 77 123 49 112 64
2701289 83 146 40 95 64
2705308 83 141 58 116 59
2705555 82 134 57 112 56
2706290 80 136 45 106 62
2707906 75 120 60 111 52
2711900 88 144 37 90 57
2713608 83 135 53 105 53
2714810 80 125 39 89 51
2718204 87 133 48 102 55
2718811 87 134 59 109 51
2719995 86 123 61 114 54
2720679 83 126 66 123 58
2725138 88 141 45 90 54
2726123 85 136 45 100 56
2726208 82 138 46 102 57
2727081 87 143 54 107 57
2727370 82 134 34 79 53
2730204 85 143 44 92 59
2733015 85 145 35 85 61
2733057 87 147 36 82 61
2736207 85 138 23 63 54
2736394 83 144 43 105 63
2737367 83 136 46 103 58
2737982 82 130 47 99 53
2738590 83 122 61 111 51
2739785 92 149 80 123 58
2740024 80 141 40 93 62
2740288 83 144 44 103 62
2741235 87 143 43 98 57
2743300 87 141 27 73 55
2743423 80 128 41 112 72
2743824 87 143 27 78 57
2743897 83 140 50 98 58
2746259 85 138 58 101 54
2747343 85 141 35 85 57
2754823 82 128 47 103 57
2755291 85 141 46 96 57
2755648 87 136 56 101 50
2756016 82 138 41 91 57
2756335 79 139 41 105 65
2756397 88 136 49 97 49
2757203 97 149 85 122 53
2757900 87 141 52 103 55
2758407 85 146 46 108 63
2764975 87 134 42 90 49
2766589 87 133 37 91 55
2767071 85 130 43 101 59
2769460 88 146 46 98 59
2770847 85 140 37 83 56
2771540 82 136 30 82 55
2771909 85 138 23 69 54
2772075 83 130 48 111 64
2773673 83 140 43 91 58
2773681 85 136 47 97 52
2774050 79 126 52 103 52
2774262 88 130 58 106 49
2776347 88 139 54 107 54
2778054 83 136 34 80 54
2778929 85 144 28 76 60
2778961 87 133 48 103 56
2779086 80 128 55 109 55
2782740 85 138 41 96 56
2784415 85 140 58 106 56
2784609 85 130 38 85 48
2784702 77 136 34 93 60
2785688 85 128 68 118 51
2789090 85 130 59 108 50
2789363 82 134 50 103 54
2789962 92 136 50 101 52
2789993 85 131 34 72 47
2790284 82 146 35 91 65
2790387 87 139 39 85 53
2790540 85 146 42 93 62
2791444 82 139 34 94 61
2791555 90 138 54 102 49
2791705 88 136 48 97 50
2795071 88 138 40 86 51
2798636 87 139 46 97 53
2799605 90 131 56 105 50
2800053 85 128 56 103 48
2800369 85 140 38 91 56
2802127 77 121 49 109 61
2802148 87 139 48 103 56
2803551 82 136 37 85 55
2804612 83 133 54 108 55
2808973 85 138 47 94 54
2813878 83 139 42 96 57
2816768 85 138 48 100 54
2816948 83 143 28 86 61
2819103 83 131 62 119 58
2821194 87 134 67 123 57
2824375 83 141 53 105 59
2825368 85 136 50 106 57
2828182 82 131 53 110 58
2830756 83 143 46 95 61
2830871 91 143 55 105 53
2832387 88 141 48 100 54
2833069 85 135 48 96 51
2834833 80 133 48 97 54
2836895 82 128 57 115 59
2842310 83 128 60 119 60
2845143 83 144 27 80 62
2845327 82 134 33 91 59
2846236 82 146 40 95 65
2852774 83 134 49 96 52
2853574 82 128 48 98 51
2854329 77 131 60 118 59
2854473 87 139 50 101 53
2855221 75 130 42 100 59
2855595 85 144 31 74 60
2856101 85 146 36 83 62
2860204 85 125 50 96 47
2861987 83 135 56 105 53
2862731 86 143 51 103 58
2863554 85 138 48 95 54
2863680 85 140 45 91 56
2864031 83 128 59 116 58
2865533 87 147 29 80 61
2866234 87 134 50 103 54
2866311 85 130 45 91 47
2867849 83 143 53 105 61
2870585 83 140 33 88 58
2870915 83 136 44 92 54
2873128 82 138 43 104 62
2874743 90 134 31 77 47
2875587 83 131 50 98 49
2876162 85 136 41 94 54
2876785 83 133 28 72 51
2879995 83 125 66 116 51
2882320 71 106 73 122 50
2885412 87 138 50 103 54
2886512 82 145 37 85 64
2886628 79 143 33 94 65
2887074 83 143 38 89 61
2887236 83 135 51 96 53
2887782 83 146 43 93 64
2888589 85 133 39 92 54
2890129 83 143 24 76 61
2890671 80 141 38 93 62
2890834 78 140 37 91 63
2891276 87 133 59 113 55
2894303 86 145 46 96 60
2895242 83 135 55 109 55
2895601 80 133 41 105 65
2896307 85 138 63 121 59
2896318 80 131 40 94 55
2902277 88 133 45 95 51
2905421 83 148 45 98 66
2906145 85 143 22 72 59
2906237 86 140 42 91 55
2908571 85 141 43 94 57
2912471 79 120 53 109 57
2914346 82 138 29 78 57
2915623 93 141 55 108 54
2916419 80 120 53 106 54
2916629 77 120 55 108 54
2919845 77 125 39 92 54
2921296 80 143 47 113 67
2921940 83 144 37 100 64
2924731 88 133 71 126 56
2928106 83 133 53 108 56
2929956 80 136 43 98 57
2930291 90 133 58 108 51
2930345 85 138 38 92 55
2931894 85 136 42 93 52
2933852 88 143 53 105 56
2933881 92 136 36 82 47
2934173 87 143 36 84 57
2934231 90 139 38 81 50
2934651 83 143 43 99 61
2935401 82 143 35 83 62
2935490 78 125 60 116 57
2936092 83 143 48 105 61
2936283 85 135 53 109 57
2939272 78 141 46 100 64
2939728 87 133 41 85 47
2939955 83 138 51 105 56
2941339 83 130 56 113 58
2941821 90 138 49 94 49
2942474 83 130 51 109 59
2942576 87 143 36 82 57
2947416 82 143 39 90 62
2948587 79 136 44 102 59
2948903 82 133 58 108 52
2949269 80 134 42 104 63
2949457 75 138 42 98 64
2950481 85 133 33 85 53
2953874 79 136 23 79 58
2956156 87 139 49 103 55
2957734 86 140 43 95 55
2958023 85 148 45 96 64
2963217 88 139 41 85 52
2964492 87 151 41 100 65
2967165 86 141 42 100 59
2967404 87 143 38 84 57
2968238 85 141 38 90 57
2968873 87 128 42 88 47
2970760 85 143 33 88 59
2971847 82 149 33 87 68
2971974 85 138 46 100 55
2973569 87 138 35 85 52
2973742 83 141 37 89 59
2973865 85 141 48 100 57
2975332 88 136 38 84 49
2978480 85 139 38 89 55
2980555 82 131 42 103 62
2985075 83 136 52 108 57
2986050 85 126 47 105 59
2986490 90 131 55 105 51
2986755 83 141 38 86 59
2989403 82 131 42 94 53
2991519 85 139 33 88 56
2995074 85 138 43 95 54
2995558 87 146 33 81 60
2999556 80 136 40 96 57
2999940 78 122 58 113 56
3001465 85 143 44 92 59
3001591 83 135 42 88 53
3002113 52 110 43 106 64
3003106 82 141 43 97 60
3003458 87 130 42 89 48
3003774 82 143 43 96 62
3004926 80 144 36 92 65
3006482 86 128 61 106 46
3006614 88 149 39 93 62
3008354 18 76 47 107 61
3009283 82 143 40 93 62
3009516 87 147 25 75 61
3009868 88 141 41 93 54
3010093 85 140 53 109 57
3013347 83 128 54 106 53
3015058 85 143 42 98 59
3015187 83 138 42 96 56
3017943 80 135 48 108 61
3019844 87 128 55 115 61
3021126 85 143 45 95 59
3023312 79 131 48 99 53
3023784 80 139 30 89 60
3024195 88 148 45 95 61
3024932 80 145 45 100 66
3025966 87 136 44 98 55
3026751 75 143 44 100 69
3027197 87 134 38 84 48
3027223 82 130 52 103 52
3028255 85 138 55 106 54
3029823 83 133 46 98 53
3030866 75 139 38 99 65
3034100 82 133 50 108 59
3035856 78 138 38 91 61
3036522 87 136 33 83 51
3037492 87 143 42 100 59
3038608 82 138 52 105 57
3038888 82 131 60 113 54
3040464 83 123 55 111 57
3041165 82 138 46 110 65
3042849 83 134 43 99 57
3045049 86 140 45 98 55
3047731 85 143 46 100 59
3049803 83 141 46 99 59
3051322 88 145 50 98 58
3054187 90 140 68 113 51
3058341 82 141 35 90 60
3061856 80 131 60 126 67
3062005 88 140 46 93 53
3063453 83 141 50 106 59
3065728 82 130 56 109 54
3067263 85 141 27 79 57
3068920 80 141 53 111 62
3070714 90 146 41 93 57
3071119 87 134 48 99 52
3074560 83 151 48 105 69
3077722 87 139 41 92 53
3079399 87 130 33 85 53
3079519 88 138 56 105 51
3079983 80 144 26 77 65
3080389 83 146 35 90 64
3081983 85 138 37 87 54
3082414 82 136 48 106 59
3082725 80 148 35 90 69
3082916 87 136 39 97 59
3084819 74 128 41 103 63
3087800 90 138 45 93 49
3089094 74 125 53 114 62
3089935 88 141 32 75 54
3092404 80 125 51 112 62
3095328 85 134 29 82 54
3095977 87 134 41 92 52
3096923 85 130 45 89 46
3098262 83 139 39 82 57
3098928 85 131 58 105 48
3099187 83 138 30 81 56
3101370 85 133 54 107 54
3102245 86 143 40 90 58
3104949 86 135 53 106 54
3107001 90 138 38 88 51
3107351 83 144 40 94 62
3107643 78 138 45 95 61
3107941 87 134 55 107 53
3108486 83 138 41 99 59
3111285 85 130 49 99 51
3111598 82 136 40 99 60
3113265 87 133 44 92 49
3113696 87 156 35 88 70
3113728 83 147 46 98 65
3113903 85 149 34 84 65
3114494 86 138 48 98 53
3115104 83 138 35 90 56
3117454 82 141 49 105 60
3119215 82 125 54 107 54
3120953 82 138 30 83 57
3122004 87 144 31 81 58
3125666 82 128 58 109 52
3126169 88 144 28 75 57
3126924 87 147 41 98 61
3127218 87 143 52 101 57
3127423 91 141 45 88 51
3130452 80 130 49 113 65
3131731 82 126 38 91 54
3132583 83 133 38 103 66
3132878 83 141 35 83 59
3134507 87 139 32 75 53
3134601 87 134 28 76 49
3135362 82 145 42 96 64
3135642 80 138 39 100 62
3135704 91 141 51 101 51
3142017 80 131 39 91 53
3144316 79 130 56 114 59
3144671 88 138 47 90 51
3146128 79 136 51 107 58
3146874 85 139 46 104 59
3147988 87 143 23 69 57
3148835 90 151 30 75 62
3151865 85 143 43 93 59
3153760 87 133 47 101 55
3154846 87 143 28 76 57
3155774 85 141 51 108 58
3155876 85 140 60 111 56
3155928 80 126 45 100 56
3159554 87 139 41 96 56
3162359 77 148 35 91 72
3162721 80 151 32 88 72
3162788 87 139 39 89 53
3163833 83 138 38 91 56
3164338 87 136 38 86 50
3164481 90 138 60 114 55
3164763 85 143 50 108 59
3165439 83 133 56 108 53
3165820 92 149 82 125 58
3174814 83 130 59 107 49
3174829 88 131 50 96 47
3174880 88 134 51 97 47
3177186 79 126 39 101 63
3177532 85 143 31 84 59
3177585 87 146 36 85 60
3178520 83 141 55 108 59
3181002 85 143 37 91 59
3181101 85 138 51 103 54
3181164 88 143 45 91 56
3181867 88 141 46 100 55
3182001 85 136 54 107 54
3183348 82 131 48 98 51
3183514 87 136 52 105 54
3184759 83 138 42 95 56
3186248 85 143 40 93 59
3191523 82 147 37 97 66
3192383 88 143 50 99 56
3194091 82 134 45 97 53
3194816 87 141 41 95 55
3195936 83 133 57 108 52
3195967 83 130 34 89 56
3197097 83 126 48 104 57
3199315 88 138 60 107 51
3200170 83 131 50 101 52
3200606 82 136 46 105 60
3202301 79 144 31 91 66
3204179 87 136 26 75 50
3204905 83 143 53 106 61
3206071 79 130 52 113 62
3206423 87 144 40 91 58
3206490 87 134 57 110 54
3206910 79 125 36 88 53
3207518 82 130 45 103 59
3207715 82 133 51 109 59
3207951 77 126 52 112 61
3208159 83 146 50 98 64
3208396 85 141 44 100 57
3208564 83 146 35 90 64
3208590 88 138 53 107 55
3210556 90 143 38 97 60
3210743 85 139 33 77 55
3213131 88 126 66 116 51
3213154 85 125 64 109 46
3217239 82 141 32 91 60
3217747 77 122 66 121 56
3219815 82 133 33 92 60
3219839 88 141 63 118 56
3220802 83 134 47 102 56
3223299 85 141 41 100 60
3227646 92 136 45 95 51
3227775 85 136 38 91 54
3228678 83 134 54 106 53
3230429 82 139 26 77 58
3230855 87 133 52 98 47
3231394 82 136 38 96 59
3234368 83 125 67 123 57
3238205 85 144 42 98 60
3238982 85 130 64 115 52
3239734 85 141 50 105 57
3240060 91 151 56 103 61
3240992 85 136 53 98 52
3241284 88 147 32 85 60
3241417 83 130 42 92 51
3242181 77 138 55 123 69
3243931 77 128 52 101 52
3245305 87 146 44 92 60
3250374 87 133 47 100 54
3251757 79 130 47 106 60
3252532 83 134 52 110 59
3253302 83 140 56 109 58
3254510 87 136 32 80 50
3254841 87 143 43 99 57
3255756 87 141 47 102 56
3256964 93 139 44 97 54
3257424 79 126 46 95 50
3257599 83 136 60 113 54
3259047 85 140 50 105 56
3259090 88 138 48 103 56
3260551 83 139 41 96 57
3261085 87 136 36 90 55
3261615 79 134 42 102 61
3263214 90 140 48 93 51
3263238 88 139 30 79 52
3264149 83 146 41 95 64
3264964 80 134 40 94 55
3265083 85 144 41 91 60
3265995 79 143 44 103 65
3267822 88 130 56 111 56
3269183 87 131 50 103 54
3269737 87 138 32 80 52
3270390 87 136 49 105 57
3270972 80 133 55 116 62
3272064 85 146 40 90 62
3275312 82 126 48 104 57
3275935 87 138 29 76 52
3277565 75 123 53 116 64
3280143 85 141 46 92 57
3280184 80 146 42 100 67
3280538 88 131 43 91 49
3280876 88 136 43 97 55
3283349 87 141 47 93 55
3283812 80 138 40 93 59
3284039 80 141 44 103 62
3284375 82 131 52 102 51
3285853 88 147 38 94 60
3287246 79 138 44 107 64
3288119 85 139 58 106 55
3288666 85 131 50 93 47
3290395 80 141 34 97 64
3290812 87 144 43 94 58
3291007 88 139 29 68 52
3291306 83 130 51 106 56
3291322 87 138 46 107 62
3293194 82 134 47 100 54
3295968 80 128 61 114 54
3297044 83 143 34 82 61
3298286 86 135 61 109 50
3300313 77 122 53 109 57
3301993 83 138 43 91 56
3302147 87 136 43 91 50
3302282 85 141 48 103 57
3302977 78 125 51 111 61
3303468 88 139 46 90 52
3304378 77 133 37 97 61
3306271 80 136 45 103 59
3306735 83 145 40 93 63
3307119 82 140 46 105 60
3307197 82 141 39 100 62
3307786 82 139 40 94 58
3308019 82 136 46 106 61
3308097 87 138 41 94 54
3308347 79 138 40 101 62
3311881 87 139 32 80 53
3312046 82 135 51 109 59
3315381 79 130 49 110 62
3315584 85 143 46 98 59
3318327 83 141 31 82 59
3321560 87 139 47 98 53
3322126 85 141 35 82 57
3323876 85 138 50 100 54
3328611 85 138 43 100 58
3329776 80 144 39 100 65
3330009 88 146 41 90 59
3330071 91 150 78 125 60
3330394 82 144 49 103 63
3330851 85 130 58 105 48
3331209 85 139 36 90 55
3331826 88 144 40 94 57
3331831 77 130 49 111 63
3332541 87 138 40 88 52
3333101 85 133 45 96 52
3333898 82 133 55 111 57
3334006 82 141 41 97 60
3334974 85 130 51 104 54
3336016 87 139 49 103 55
3336376 82 143 42 106 65
3337142 88 143 30 75 56
3337875 88 136 41 90 50
3339152 87 138 26 67 52
3341039 90 134 41 84 45
3341183 83 145 33 86 63
3341286 83 131 48 96 49
3342514 85 141 39 93 57
3344361 82 146 40 97 65
3344618 85 131 60 109 50
3345008 88 136 51 101 51
3345457 75 112 55 113 59
3345726 83 133 30 81 52
3346980 88 143 35 83 56
3348901 88 144 42 88 57
3351891 85 131 45 96 52
3353200 85 141 48 105 58
3353356 90 140 42 88 51
3353568 88 128 58 108 51
3353642 82 134 38 87 53
3354013 82 141 42 86 60
3354938 83 146 34 88 64
3358437 83 145 42 90 63
3359215 82 149 38 95 68
3361716 88 131 42 97 56
3363786 83 138 39 85 56
3364596 85 140 53 109 57
3365501 88 147 40 91 60
3368720 83 143 41 93 61
3369261 83 139 41 94 57
3369924 90 136 39 83 47
3369935 85 144 34 86 60
3370617 85 140 45 113 69
3372243 83 140 60 118 59
3373283 83 138 42 105 64
3374340 85 136 50 105 56
3375197 83 147 37 90 65
3376065 80 130 45 104 60
3376518 79 130 47 106 60
3376593 83 136 47 98 54
3378112 79 139 36 100 65
3379731 82 141 42 96 60
3380225 80 141 40 95 62
3380449 79 144 35 93 66
3383548 88 136 39 82 49
3385653 85 143 44 97 59
3385710 79 126 56 103 48
3386665 77 121 50 104 55
3387099 87 139 44 96 53
3388023 85 139 40 101 62
3388168 87 138 51 105 55
3390041 85 146 41 91 62
3390213 87 143 33 82 57
3390608 88 144 35 90 57
3391788 87 139 50 101 53
3393203 85 134 39 87 50
3393875 79 130 52 113 62
3394156 85 138 39 92 54
3397719 82 145 40 88 64
3397751 83 138 44 103 60
3400267 85 138 31 82 54
3401566 85 126 59 117 59
3403360 85 138 33 87 55
3404534 83 141 42 105 64
3406073 87 139 38 90 53
3406243 88 141 43 88 54
3406925 85 141 42 86 57
3407026 80 138 45 98 59
3407942 80 133 44 97 54
3411110 87 138 38 86 52
3415456 85 134 22 68 50
3415839 82 139 47 108 62
3418211 82 146 29 80 65
3418362 83 130 53 113 61
3418642 88 139 41 90 52
3418974 85 149 45 105 65
3419820 90 141 31 76 52
3423320 90 140 43 90 51
3423847 80 136 35 97 63
3424251 86 145 50 105 60
3425093 85 136 42 100 59
3425173 83 146 45 95 64
3425736 87 136 62 120 59
3427402 79 125 44 105 62
3428558 74 138 33 91 65
3428776 85 139 36 79 55
3431403 88 139 39 78 52
3431488 85 143 32 86 59
3431861 87 131 39 92 54
3432985 80 130 53 109 57
3434730 87 130 54 104 51
3436114 85 128 50 106 57
3436683 83 130 44 92 49
3436754 87 139 41 87 53
3437047 83 133 46 96 51
3437920 87 149 33 91 63
3448534 85 133 45 103 59
3448757 80 133 44 104 61
3449578 90 141 48 96 52
3450820 88 144 40 87 57
3451411 83 134 40 95 56
3451977 83 143 47 107 61
3453241 85 144 36 94 60
3453626 88 138 35 81 51
3453819 85 148 50 105 64
3455534 83 136 56 108 54
3456356 83 140 51 105 58
3458716 88 146 38 86 59
3458925 80 136 42 98 57
3460654 83 148 33 91 66
3462951 85 136 45 90 52
3463448 85 139 38 89 55
3464816 83 133 56 106 51
3465701 82 138 46 101 57
3465805 85 138 50 99 54
3467713 83 133 53 109 57
3468124 80 143 45 101 64
3468765 90 134 46 95 50
3468878 77 130 41 105 65
3468954 80 131 41 98 58
3469798 85 125 73 123 51
3472906 90 146 51 109 59
3473134 85 136 46 99 54
3474385 83 131 27 83 57
3476056 85 138 50 103 54
3476676 92 146 46 99 55
3477091 82 138 43 99 57
3477823 79 138 41 97 60
3479471 87 133 39 83 47
3484270 85 139 47 105 59
3485327 85 133 58 112 55
3486127 85 131 45 97 53
3487151 83 143 40 99 61
3488063 90 147 44 99 58
3488933 75 120 48 101 54
3489307 75 138 35 89 64
3489356 83 138 36 90 56
3489677 85 144 43 102 60
3491171 83 130 41 92 52
3493498 82 133 38 86 52
3494735 85 144 23 71 60
3501518 85 149 32 83 65
3501784 80 141 38 87 62
3502634 83 126 53 109 57
3504269 88 143 37 82 56
3508416 88 139 38 86 52
3509266 82 139 46 102 58
3510451 83 143 42 103 62
3510903 85 136 53 103 52
3511519 80 136 52 108 57
3512712 90 130 61 111 51
3513279 82 128 51 116 66
3513346 79 128 41 100 60
3514098 87 139 60 108 53
3516217 83 123 41 94 54
3518179 83 133 41 95 55
3519146 83 136 50 105 56
3519895 88 136 54 105 52
3520220 88 138 45 96 52
3522760 86 141 46 106 61
3523132 90 138 48 88 49
3523224 92 134 39 78 43
3524661 87 143 36 93 58
3524864 82 138 45 108 64
3525779 87 141 40 89 55
3525853 88 134 38 89 52
3527105 77 143 37 100 67
3529339 82 128 61 111 51
3529874 88 141 37 82 54
3530938 77 126 51 105 55
3531990 85 136 31 84 54
3533250 87 134 47 97 51
3535913 85 141 51 109 59
3536951 72 128 51 119 69
3538265 85 140 45 93 56
3538629 82 144 49 108 63
3539537 83 133 42 88 51
3539731 85 133 53 109 57
3539933 83 131 55 106 52
3541714 83 146 45 105 64
3542224 88 139 38 86 52
3542235 82 139 50 106 58
3547512 87 141 40 88 55
3548035 79 134 47 106 60
3548180 90 140 64 113 51
3548948 86 143 45 93 58
3551227 82 136 43 92 55
3554021 85 141 45 95 57
3557998 85 145 46 100 61
3560058 85 139 41 95 55
3561029 83 138 37 78 56
3561727 87 144 29 81 58
3562948 82 149 42 103 68
3566098 79 131 36 92 57
3567229 85 126 36 86 51
3569492 82 136 48 114 67
3569896 92 141 44 92 50
3570939 85 138 45 95 54
3571390 87 141 38 94 57
3573624 87 138 47 97 52
3573830 82 128 46 98 53
3577494 80 138 36 96 61
3579966 83 143 41 87 61
3580173 80 135 37 88 56
3580405 85 136 40 85 52
3581009 85 136 47 99 53
3584243 82 146 46 96 65
3585319 85 128 58 106 49
3586968 80 136 43 106 64
3589026 80 149 35 96 70
3589101 80 143 50 109 64
3590301 82 147 36 100 66
3590422 80 125 83 126 46
3592425 86 143 53 98 58
3594042 82 135 50 105 56
3594748 85 141 50 110 61
3594794 83 128 55 112 58
3596227 86 143 48 103 58
3598842 80 143 35 87 64
3599675 82 145 42 98 64
3600143 82 130 60 111 52
3601585 82 136 36 98 63
3604737 85 128 61 114 54
3604879 77 138 31 93 63
3606376 83 144 38 97 62
3606530 83 141 53 111 59
3608197 85 145 42 93 61
3609089 87 139 49 100 53
3611070 85 149 44 100 65
3611692 82 133 50 109 60
3612993 80 145 48 105 66
3613851 83 141 35 91 59
3614418 86 138 55 109 55
3616677 83 139 42 91 57
3616921 83 125 61 114 54
3617990 93 146 50 102 54
3619074 87 139 45 93 53
3619831 78 125 51 113 63
3621367 15 73 38 96 59
3623779 85 126 57 115 59
3624422 88 143 45 86 56
3625674 87 138 52 108 57
3625844 88 138 44 94 51
3627728 80 140 43 96 61
3629498 83 139 53 108 57
3629796 83 143 42 98 61
3630387 87 138 56 102 52
3632045 88 136 42 90 49
3632718 85 136 27 80 54
3633541 85 141 34 92 59
3635840 85 140 43 96 56
3636558 90 134 47 99 53
3638422 88 141 43 93 54
3638478 87 136 27 70 50
3640411 79 131 51 102 53
3640692 83 147 32 89 65
3641075 87 130 36 83 48
3644483 80 133 46 106 61
3644639 87 147 43 96 61
3645913 87 138 39 94 56
3647479 88 145 50 101 58
3648334 87 141 47 100 55
3648435 82 139 41 94 58
3651731 82 134 48 102 55
3654445 85 145 50 106 61
3655060 85 138 36 84 54
3659083 87 134 50 100 51
3659626 86 133 58 106 49
3660020 79 141 31 94 64
3660817 79 125 49 108 60
3661300 83 125 53 106 54
3663595 83 149 46 100 67
3663702 82 136 56 109 55
3664455 85 143 42 93 59
3664582 82 133 50 106 57
3666279 80 134 60 116 57
3666374 85 140 45 96 56
3666733 70 126 51 105 57
3667377 87 139 36 83 53
3671393 88 151 40 92 64
3672083 83 143 40 94 61
3673588 83 141 40 86 59
3677010 73 130 58 114 58
3678901 88 138 36 82 51
3679839 77 146 43 108 70
3680920 87 138 49 96 52
3681176 88 138 41 94 54
3682323 83 138 48 99 56
3682745 85 143 34 90 59
3683526 82 141 39 97 60
3684850 90 136 46 90 47
3687383 85 138 45 100 56
3687632 82 128 51 112 62
3688377 87 133 60 109 50
3692874 85 139 41 92 55
3693077 67 123 46 97 57
3693080 87 134 52 103 52
3694106 87 131 42 93 52
3694220 82 140 42 109 68
3694333 83 133 30 80 51
3694973 86 136 50 109 60
3696799 78 131 51 111 61
3697738 85 134 42 98 57
3699743 88 149 48 100 62
3700883 83 141 50 103 59
3701901 75 125 43 92 51
3702052 85 141 41 96 57
3702095 83 138 41 89 56
3702508 85 144 42 100 60
3703532 88 134 54 103 50
3705666 85 134 47 96 50
3706229 80 141 43 106 64
3706344 86 143 46 103 58
3708476 83 144 43 98 62
3709153 83 146 50 105 64
3709177 85 138 45 97 54
3709537 83 140 42 93 58
3711854 82 136 54 113 60
3711991 82 145 38 96 64
3712402 82 140 51 109 59
3712963 97 157 75 123 61
3713026 86 131 50 105 56
3713101 85 133 55 106 52
3713328 77 134 34 92 59
3716032 85 152 39 98 68
3716113 83 126 38 89 52
3716530 72 128 51 101 57
3718346 88 143 55 106 56
3720482 85 131 51 103 53
3721141 82 128 49 102 54
3722619 85 143 44 92 59
3723456 80 144 44 102 65
3728219 83 136 50 97 54
3729791 83 143 30 79 61
3731229 79 138 44 102 60
3732165 87 138 38 93 56
3732172 82 131 55 108 54
3732868 88 138 45 91 51
3735411 87 138 47 94 52
3736821 83 139 37 83 57
3738863 96 148 60 114 55
3741528 83 130 53 108 56
3742119 88 134 32 81 50
3742124 85 143 42 91 59
3744664 87 147 26 79 61
3747756 87 136 41 89 50
3748295 80 143 39 94 64
3749372 82 149 38 96 68
3749542 83 133 39 95 57
3752629 88 130 50 98 49
3756567 83 146 31 87 64
3757495 85 123 53 109 57
3757564 85 133 54 105 52
3760900 86 153 48 111 68
3766200 87 139 49 100 53
3767254 83 125 56 113 58
3768455 90 145 45 93 56
3770779 82 141 41 100 60
3771920 87 149 29 78 63
3773499 82 146 32 80 65
3777369 67 130 42 95 64
3778439 77 134 40 91 58
3780174 83 134 57 119 63
3783382 83 138 44 97 56
3784159 85 133 48 108 61
3784271 83 136 46 105 60
3785770 87 139 42 88 53
3787925 88 136 49 95 49
3788173 85 130 53 103 51
3791512 85 138 50 109 60
3791666 94 144 93 128 51
3792138 82 130 49 102 54
3794224 85 138 39 93 55
3798854 85 134 32 83 52
3799095 77 143 50 105 67
3800367 85 130 60 108 49
3801171 74 133 46 108 63
3801890 85 126 56 108 53
3803691 82 128 63 121 59
3806898 85 136 49 113 65
3807790 87 133 39 95 57
3812905 72 117 45 110 66
3817649 85 131 60 113 54
3817822 83 136 31 77 54
3818301 85 138 40 86 54
3819885 85 141 50 101 57
3821184 85 138 44 100 57
3823217 88 139 31 74 52
3823347 90 138 53 114 62
3823549 87 139 40 88 53
3826346 87 143 38 90 57
3828963 83 143 50 109 61
3836752 101 152 82 117 52
3838967 88 138 45 96 52
3839797 88 138 39 84 51
3840975 93 140 61 106 48
3841806 85 135 64 114 51
3844235 85 138 55 116 62
3845245 80 128 53 106 54
3845676 85 139 40 93 55
3846824 92 146 44 94 55
3850265 85 145 45 100 61
3850307 88 144 47 101 57
3851215 82 138 53 106 57
3851492 87 138 57 107 52
3852137 82 128 51 106 56
3853649 82 149 27 87 68
3855127 77 128 56 113 58
3857266 77 133 47 105 59
3858116 85 138 55 111 57
3858560 83 145 45 100 63
3858674 87 125 51 107 57
3858850 88 139 39 85 52
3859309 86 136 55 105 51
3859344 83 133 35 86 52
3861169 85 139 34 81 55
3861616 75 133 58 116 59
3862782 85 141 50 98 57
3865366 90 139 37 84 50
3866166 83 138 48 109 62
3867545 85 138 33 84 54
3869555 88 139 33 78 52
3869569 88 139 39 89 52
3870220 82 143 44 102 62
3874614 83 133 32 80 51
3874773 85 146 45 99 62
3874816 85 138 36 92 57
3875120 90 144 24 72 55
3877460 88 145 45 90 58
3879798 83 136 44 95 54
3881892 83 139 44 91 57
3881990 85 143 43 93 59
3882747 88 146 33 87 59
3883380 82 139 40 96 58
3886000 91 146 77 120 56
3889019 80 125 56 109 54
3889644 88 141 39 86 54
3891671 88 136 63 109 49
3894575 85 138 43 93 54
3895150 83 130 56 107 52
3895198 88 143 35 84 56
3895334 82 143 40 94 62
3897310 79 136 51 115 65
3897448 85 145 43 91 61
3898742 87 138 51 103 53
3899275 92 144 82 125 53
3899670 82 146 43 105 65
3902795 83 130 63 116 54
3903230 85 143 46 91 59
3904535 82 136 53 107 55
3905199 83 144 33 90 62
3905382 83 148 37 90 66
3905827 85 136 45 96 52
3907763 79 143 38 100 65
3910361 83 134 47 112 66
3912604 83 139 43 95 57
3912727 83 133 33 81 51
3914940 80 123 51 106 56
3914963 85 143 42 90 59
3917190 78 149 43 105 72
3917543 83 141 43 95 59
3918574 87 143 29 78 57
3919071 86 130 51 100 50
3919485 87 138 38 88 52
3919699 85 141 54 115 62
3921183 82 138 45 101 57
3925889 86 140 40 90 55
3928128 86 136 50 95 51
3928651 85 134 54 110 57
3928676 94 154 73 126 61
3929999 78 136 58 116 59
3930691 83 139 38 95 58
3931418 82 143 42 93 62
3932768 87 139 54 103 53
3933227 77 125 61 119 59
3935020 87 138 34 83 52
3935594 82 135 53 113 61
3937072 83 130 48 105 58
3937103 83 147 32 93 65
3939257 90 144 37 85 55
3944610 85 146 37 95 62
3945130 82 139 40 96 58
3945214 85 144 40 91 60
3945804 77 141 50 113 65
3945828 85 130 50 101 52
3946043 83 141 33 91 59
3946259 82 138 41 100 60
3949449 80 134 48 107 60
3950220 70 121 51 108 58
3950808 85 138 29 77 54
3951088 85 143 36 84 59
3951523 88 139 48 93 52
3955403 87 138 38 92 55
3960132 77 126 61 121 61
3960775 85 141 35 88 57
3960905 83 133 50 109 60
3961018 87 143 43 89 57
3961771 101 154 90 128 54
3963055 86 143 48 100 58
3963404 75 128 40 83 54
3966072 82 134 48 110 63
3966919 86 141 43 95 56
3967009 82 143 44 102 62
3967699 92 139 30 70 48
3968294 90 148 55 108 59
3969024 90 130 36 81 46
3974808 87 128 56 110 55
3976972 87 146 44 97 60
3977483 85 141 45 90 57
3977975 80 136 52 118 67
3978756 87 134 40 80 48
3980197 83 138 50 106 57
3980232 77 133 48 105 58
3980279 85 135 50 98 51
3981647 79 143 41 100 65
3983387 85 149 44 100 65
3983576 82 128 48 104 57
3983582 85 143 34 83 59
3984439 85 141 44 97 57
3987043 83 138 40 93 56
3987642 83 135 51 105 55
3988044 86 136 60 108 51
3988262 80 143 42 95 64
3989606 85 146 40 90 62
3989684 85 138 53 108 56
3989934 83 145 42 96 63
3990665 88 134 41 85 47
3991131 83 133 63 111 51
3991319 85 152 43 102 68
3992190 85 128 36 89 54
3994245 82 138 48 109 62
4000868 82 128 56 108 53
4001082 75 134 43 100 60
4003916 82 146 43 95 65
4003979 83 145 55 108 63
4007185 87 138 37 80 52
4007646 83 128 73 124 52
4008941 88 146 31 82 59
4009464 80 134 41 101 61
4011020 85 141 43 97 57
4014079 87 138 49 97 52
4014569 90 136 48 98 51
4016562 80 134 37 93 57
4018974 85 138 48 107 60
4019177 88 143 33 85 56
4020266 83 130 57 115 59
4023307 79 131 49 110 62
4023502 83 139 47 95 57
4023879 82 136 46 102 57
4030060 87 128 44 94 51
4035298 87 134 36 84 49
4035797 82 141 45 95 60
4037295 87 143 47 102 57
4039094 87 126 59 107 49
4040923 85 139 38 90 55
4042211 83 144 39 102 64
4042570 93 151 41 93 59
4043439 90 138 58 105 49
4046822 87 133 43 91 49
4047473 87 134 56 107 52
4048065 85 138 48 97 54
4049068 82 126 53 106 54
4051905 83 141 42 90 59
4051914 74 130 44 97 57
4052319 86 136 58 118 61
4053191 87 141 50 103 55
4053668 85 130 46 99 54
4057892 83 136 34 74 54
4057979 86 140 50 108 59
4058118 87 146 44 100 60
4059283 85 143 43 98 59
4064091 82 136 73 126 55
4065853 83 141 24 74 59
4066729 90 143 46 93 54
4067636 74 126 46 98 53
4067959 86 141 35 82 56
4068247 80 133 58 106 54
4068392 79 136 48 109 62
4069958 82 146 50 106 65
4070843 77 138 46 113 68
4071760 74 128 43 99 57
4074667 88 145 45 91 58
4075789 88 134 51 106 56
4077773 83 141 39 97 59
4079324 82 147 46 107 66
4079503 80 125 47 101 55
4080758 85 146 50 100 62
4082905 85 136 26 74 52
4084985 80 136 45 103 59
4085529 80 136 44 110 67
4088595 88 136 60 111 52
4091272 83 134 27 86 60
4092401 87 144 32 80 58
4093920 79 136 37 93 58
4094473 85 136 60 112 53
4095683 87 134 42 92 51
4095713 82 133 41 98 58
4096850 88 141 43 93 54
4098391 88 134 26 75 50
4099042 85 130 44 97 54
4101252 87 147 39 95 61
4101569 87 134 38 86 49
4102251 83 141 31 90 60
4103541 82 134 41 97 57
4103976 79 136 39 98 60
4107005 85 145 40 86 61
4107108 88 136 54 107 54
4107317 85 143 36 84 59
4108142 82 125 56 113 58
4108900 82 141 27 79 60
4108972 83 141 38 92 59
4112209 87 139 40 88 53
4116315 87 138 45 96 52
4118234 82 151 35 85 70
4118479 82 140 53 113 61
4120636 85 138 46 96 54
4120986 80 138 43 105 63
4121054 78 136 45 96 59
4121352 82 130 51 108 58
4126570 82 141 36 87 60
4126969 83 131 38 83 49
4127245 82 146 44 98 65
4127712 85 133 51 106 56
4127783 82 123 50 103 54
4130012 83 136 44 93 54
4130995 85 131 50 105 56
4134969 80 136 54 108 57
4141847 83 136 37 97 61
4142602 86 138 64 118 55
4144074 87 134 51 105 55
4144547 82 138 41 94 57
4146328 86 136 53 111 59
4146942 88 139 47 102 56
4146980 85 143 44 105 62
4147049 83 136 53 99 54
4147455 83 144 39 96 62
4149794 39 100 48 103 62
4152035 82 136 50 109 60
4153060 86 148 48 108 63
4154045 87 139 44 90 53
4154494 72 130 37 88 59
4155697 87 138 41 92 52
4157791 78 140 51 109 63
4157881 85 138 71 118 54
4158021 82 141 27 82 60
4158055 87 141 52 100 55
4158590 88 138 55 105 51
4159508 90 138 46 97 52
4159785 80 141 32 91 62
4161118 85 138 40 94 55
4161193 85 145 45 101 61
4165092 87 139 35 79 53
4166537 86 138 48 106 59
4167941 78 135 53 111 59
4169935 85 130 51 103 53
4170282 79 139 39 103 65
4170603 85 146 31 84 62
4174252 80 139 32 90 60
4174335 90 143 24 71 54
4175711 87 134 38 81 48
4176214 85 136 50 103 54
4177365 83 143 42 91 61
4178136 80 141 49 110 62
4180209 77 143 30 93 67
4180404 85 141 46 103 58
4181787 74 138 49 110 65
4182420 82 141 43 100 60
4190062 85 136 48 98 52
4190527 77 141 40 99 65
4190712 87 143 35 85 57
4192988 79 143 50 111 65
4196628 82 138 38 90 57
4197719 85 144 27 73 60
4198534 85 138 45 97 54
4202634 85 139 37 88 55
4203723 68 117 53 116 64
4207091 82 149 35 93 68
4209351 85 146 38 99 62
4210614 82 138 39 98 60
4211120 87 133 51 101 51
4211156 83 143 38 88 61
4212254 77 123 46 105 60
4212676 83 134 45 95 52
4214937 79 130 54 115 62
4215735 86 143 43 95 58
4218087 88 135 60 113 54
4219261 85 136 50 94 52
4221724 87 143 41 94 57
4222828 90 143 55 113 59
4224677 88 138 47 94 51
4225983 83 140 30 80 58
4228420 85 138 46 95 54
4228536 86 135 51 103 53
4229360 82 128 55 116 62
4230208 83 128 58 114 57
4231888 87 136 39 92 54
4231958 78 141 35 88 64
4232983 90 130 69 113 45
4233675 85 141 46 91 57
4234827 85 130 36 93 58
4238078 86 141 48 100 56
4238482 85 141 44 99 57
4239595 77 117 60 114 55
4239834 88 138 26 73 51
4240345 88 143 43 97 56
4241032 74 143 34 90 70
4242584 88 135 56 106 51
4244231 82 133 43 92 52
4246088 83 141 42 88 59
4247733 83 141 51 106 59
4249259 83 130 38 86 49
4253228 83 146 46 105 64
4254960 85 126 56 105 50
4256185 85 144 37 96 60
4256655 85 131 66 114 49
4257417 88 141 53 109 57
4257474 80 141 41 99 62
4266157 85 140 38 88 56
4267205 88 141 46 92 54
4268088 85 144 46 99 60
4270283 82 145 55 114 64
4270868 87 141 40 94 55
4271818 79 125 38 99 62
4271972 90 139 33 83 51
4271994 87 139 43 94 53
4272014 80 125 51 108 58
4272884 78 140 51 108 63
4273888 88 145 42 98 58
4275136 77 133 44 107 64
4275233 77 118 57 115 59
4275858 77 133 52 113 62
4276162 86 133 61 109 49
4276370 85 128 48 99 52
4277297 80 138 49 105 59
4277381 87 151 43 101 65
4278058 85 131 58 103 47
4278335 88 140 48 95 53
4279542 90 143 52 105 54
4280213 88 138 41 86 51
4280725 80 128 37 80 49
4282680 77 118 41 100 60
4282946 87 136 35 81 50
4284417 80 141 51 111 62
4285228 88 134 42 93 52
4286878 78 128 56 124 69
4290443 80 143 31 89 64
4292237 87 149 37 91 63
4292450 83 135 50 109 60
4294727 83 141 45 96 59
4294878 79 139 40 101 62
4295804 85 143 37 87 59
4296946 82 128 58 111 54
4298175 85 128 42 95 54
4298627 80 149 36 92 70
4299342 85 136 53 106 54
4302035 83 146 37 88 64
4304539 78 138 48 105 61
4305565 87 138 41 92 52
4306122 88 138 50 95 51
4307402 83 144 36 89 62
4308017 85 130 43 97 55
4312485 79 147 23 73 69
4313498 77 141 48 101 65
4313555 85 134 38 88 51
4315035 87 143 29 78 57
4316515 86 143 43 93 58
4317028 86 130 56 109 54
4317243 85 145 38 85 61
4318245 79 139 46 103 61
4321889 82 139 39 96 58
4322843 82 139 51 105 58
4323089 87 130 45 94 50
4324309 85 136 47 97 52
4325823 83 144 43 99 62
4327070 90 143 58 108 54
4330360 90 141 51 103 53
4333024 83 133 32 76 51
4335569 79 128 49 112 64
4336264 82 138 35 88 57
4336583 82 134 35 83 53
4339844 83 143 53 108 61
4341302 83 145 35 85 63
4342712 80 125 53 109 57
4343652 87 141 57 105 55
4344670 82 139 49 103 58
4346549 82 138 41 101 61
4348208 82 133 42 96 55
4348720 87 152 34 87 66
4349632 91 141 58 114 57
4352831 90 149 41 99 60
4356245 83 139 43 94 57
4357858 82 143 42 100 62
4358703 86 141 42 91 56
4360896 83 134 51 102 52
4363963 85 136 43 97 55
4365819 83 138 44 95 56
4366978 80 139 32 96 65
4369057 83 138 49 98 56
4369704 85 143 51 109 59
4371240 85 138 44 96 54
4371688 88 141 35 86 54
4379899 83 135 56 113 58
4380542 82 144 36 96 63
4381100 82 136 45 98 55
4383164 82 141 57 107 60
4383208 85 141 50 103 57
4384526 86 140 48 96 55
4384832 83 141 49 98 59
4386934 87 139 39 87 53
4388108 80 146 32 88 67
4389007 85 136 63 118 56
4389360 88 133 63 111 49
4389798 80 130 64 120 57
4392134 87 139 40 88 53
4394170 82 128 50 97 48
4396117 85 131 66 114 49
4397863 80 134 49 105 57
4398737 85 126 58 107 50
4401088 90 141 51 105 55
4406319 85 130 51 105 55
4406483 87 134 50 101 52
4406848 83 131 38 91 54
4410051 85 134 42 91 50
4413262 79 123 50 98 49
4414765 83 130 56 113 58
4415169 86 134 78 117 49
4415336 85 131 51 104 54
4415908 88 136 63 111 49
4419186 88 131 39 90 52
4422870 82 134 44 100 57
4423877 87 134 51 107 57
4424439 83 139 38 88 57
4425310 82 130 38 87 50
4426958 86 135 53 103 51
4427545 85 140 46 98 56
4427969 88 146 50 102 59
4432506 77 128 53 119 67
4433499 85 131 44 102 59
4434682 82 135 50 103 54
4437884 82 135 50 103 54
4437954 88 133 61 111 51
4438552 87 138 47 103 57
4440543 83 141 33 89 59
4441888 88 143 45 96 56
4442239 85 133 48 95 49
4442659 83 140 55 109 58
4442694 83 145 66 108 63
4443380 79 136 30 91 62
4444281 85 141 38 86 57
4444894 87 141 44 87 55
4445695 88 145 46 101 58
4446431 77 133 48 106 59
4448545 79 130 50 103 54
4448885 78 130 48 113 66
4449484 87 138 35 86 52
4450693 86 145 46 101 60
4453391 77 143 43 105 67
4453480 87 138 44 97 54
4453869 90 136 45 99 55
4456118 85 143 37 91 59
4457208 85 138 36 92 57
4457756 87 143 28 84 57
4457809 87 139 45 94 53
4458199 83 143 48 102 61
4458777 85 147 28 81 63
4462294 82 140 51 108 59
4462419 85 136 29 79 52
4462955 85 143 41 95 59
4464785 83 146 35 86 64
4466637 82 133 40 99 60
4466727 88 136 58 113 56
4467984 90 138 50 98 49
4468027 77 120 38 89 52
4469132 80 130 58 118 61
4470336 85 143 29 83 59
4471823 88 135 64 113 50
4472050 85 138 34 82 54
4472423 87 130 57 109 53
4472602 87 139 50 106 57
4473170 83 144 35 84 62
4474516 87 143 32 79 57
4476584 85 138 44 100 57
4477764 83 125 53 108 56
4478299 83 136 34 98 65
4479038 82 131 55 111 57
4479931 87 139 47 90 53
4480001 90 143 32 79 54
4480351 82 151 35 86 70
4482230 82 138 37 88 57
4483015 80 136 35 84 57
4483554 82 144 25 88 64
4483823 90 141 47 90 52
4489701 90 144 21 70 55
4490823 85 133 61 108 49
4491829 80 138 46 106 61
4491877 86 148 43 91 63
4494703 83 139 44 103 60
4496986 85 136 43 94 52
4499679 87 138 32 86 55
4499784 77 123 42 98 57
4500534 80 131 57 115 59
4500593 83 139 37 89 57
4501917 85 130 49 98 50
4502432 82 138 45 96 57
4503975 87 130 52 97 46
4505217 90 143 60 106 54
4506400 83 151 33 93 69
4506692 83 131 50 108 59
4507633 77 134 51 110 60
4507672 88 134 64 112 49
4508750 79 138 41 97 60
4509053 85 138 49 100 54
4509822 88 140 38 85 53
4509999 75 130 39 87 56
4510446 85 141 32 83 57
4510474 85 130 56 109 54
4510701 83 139 43 96 57
4516495 79 138 44 108 65
4516854 85 146 33 87 62
4518862 86 138 50 103 54
4519513 85 128 46 95 50
4520360 88 140 50 96 53
4521106 88 140 53 101 53
4522078 87 139 39 85 53
4523255 80 133 54 110 57
4523671 78 140 48 103 63
4524723 87 131 44 94 51
4524814 93 140 46 95 50
4525397 85 143 38 95 59
4525796 80 126 54 106 53
4529980 83 139 48 97 57
4531655 85 140 46 108 63
4531688 80 144 37 98 65
4532588 82 138 40 96 57
4532639 87 133 44 100 57
4536832 83 138 40 90 56
4537378 83 136 34 77 54
4539172 83 128 50 104 55
4539283 85 128 52 105 54
4541247 83 143 54 112 61
4543704 88 140 50 98 53
4545034 85 149 35 85 65
4547679 83 143 40 93 61
4548547 82 141 46 106 61
4551141 79 123 57 112 56
4553512 82 130 49 107 59
4554529 91 140 55 108 54
4554645 83 136 57 106 54
4556177 87 133 53 101 49
4556911 88 136 49 95 49
4557204 85 141 48 98 57
4564731 80 141 33 85 62
4565045 82 131 58 104 50
4568973 83 143 35 93 61
4569397 82 133 45 105 61
4570036 87 138 37 83 52
4570191 83 131 45 99 55
4571802 83 143 34 93 61
4572402 85 141 46 105 60
4573190 85 139 41 94 55
4574248 82 146 35 91 65
4574545 75 143 33 92 69
4578285 87 130 39 83 45
4578604 90 138 41 86 49
4581461 82 151 35 91 70
4584281 85 149 45 109 65
4586121 88 140 51 103 53
4589255 75 113 58 109 52
4590342 79 128 42 105 64
4593830 87 138 41 95 55
4596141 85 130 56 106 51
4596659 80 141 36 91 62
4597400 80 131 45 96 52
4598956 82 143 30 90 62
4600817 85 141 46 106 61
4602568 85 136 53 108 56
4607960 82 134 41 97 57
4610092 86 136 55 108 54
4611457 88 136 40 83 49
4613500 87 143 27 76 57
4614426 82 139 39 102 64
4615879 83 136 53 111 59
4616257 87 130 61 106 46
4617411 80 131 49 106 58
4617427 88 134 48 98 51
4617584 85 139 35 86 55
4622275 88 133 56 105 50
4623934 85 143 39 97 59
4624069 80 136 59 116 58
4625255 83 141 40 89 59
4629628 75 149 36 100 75
4632035 82 141 46 100 60
4632177 87 139 43 92 53
4632390 77 133 50 111 62
4633832 82 134 54 105 53
4634116 85 144 33 82 60
4635034 77 133 48 103 57
4638495 75 141 26 84 67
4638585 85 141 43 94 57
4640537 85 146 37 97 62
4641099 83 140 48 98 58
4642058 85 134 40 91 52
4642962 85 144 41 93 60
4643218 85 134 52 100 50
4643490 82 146 36 94 65
4644759 85 138 55 106 54
4645169 82 136 39 95 57
4645309 80 123 56 114 59
4647527 79 128 61 118 58
4647533 87 138 43 92 52
4652623 83 131 39 91 53
4653068 85 138 42 89 54
4656796 82 131 44 97 54
4657196 80 151 37 96 72
4659166 85 139 54 107 55
4659855 86 136 55 100 51
4660938 83 140 48 100 58
4661149 77 125 46 111 66
4662944 80 139 31 87 60
4663641 86 130 66 126 61
4664319 87 136 50 101 52
4665264 80 126 54 100 47
4670171 77 148 33 90 72
4672619 86 141 38 88 56
4672635 86 146 38 90 61
4673884 82 136 47 105 59
4674106 80 141 44 105 62
4678630 85 143 38 86 59
4678961 86 140 48 101 55
4681487 82 154 43 105 73
4682100 85 136 36 89 54
4682579 75 126 48 112 65
4682590 82 131 64 116 53
4683291 87 133 47 98 52
4689643 86 143 42 90 58
4690326 70 125 49 110 62
4692251 88 130 66 120 55
4695746 82 134 35 86 53
4695904 82 133 51 106 56
4696634 82 141 56 101 60
4699043 87 138 36 88 53
4699078 74 131 49 121 73
4699356 82 128 51 107 57
4699451 85 144 45 93 60
4699677 88 141 55 108 54
4700862 83 135 43 101 59
4701836 83 131 41 102 62
4705706 77 131 53 105 55
4706879 85 145 38 88 61
4709845 83 125 54 107 54
4710306 82 149 42 103 68
4712294 88 138 31 82 52
4712704 85 144 33 87 60
4713911 83 134 47 104 58
4718027 88 130 55 93 43
4718623 77 122 64 116 53
4719219 80 130 46 103 58
4722996 80 130 41 84 51
4723277 83 126 43 104 62
4723940 90 135 63 113 51
4724565 83 141 37 90 59
4724923 85 138 44 94 54
4728129 85 147 40 94 63
4728986 85 131 51 100 50
4730242 85 141 45 101 57
4735161 85 138 35 84 54
4736812 83 146 48 98 64
4737446 83 133 60 114 55
4738391 85 130 61 111 51
4738619 85 140 50 103 56
4738750 83 139 44 96 57
4739571 85 146 36 95 62
4745551 85 138 58 114 57
4746266 82 136 46 104 59
4746273 83 145 43 96 63
4746941 82 143 45 98 62
4748369 85 136 38 87 52
4749299 83 144 36 90 62
4749594 82 133 36 96 61
4749619 82 136 45 105 61
4749888 87 130 54 110 57
4751559 90 136 44 92 49
4753620 80 143 45 91 64
4753831 87 139 52 105 54
4756072 82 141 39 96 60
4756205 82 136 45 96 55
4756277 91 136 87 129 46
4756520 88 143 25 71 56
4756997 72 123 38 96 59
4757143 88 136 42 88 49
4757157 85 136 50 102 53
4758847 77 130 44 100 57
4760380 87 147 35 89 61
4761504 87 136 34 85 52
4763173 87 139 36 80 53
4763287 69 126 50 105 58
4764402 72 122 60 127 68
4764828 90 140 63 111 51
4765084 82 143 37 91 62
4768102 80 144 49 103 65
4771970 87 128 31 77 47
4774942 83 139 36 87 57
4776044 79 151 39 103 73
4776432 88 145 42 96 58
4776631 90 143 39 89 54
4777011 83 128 31 78 48
4782901 83 136 49 105 57
4785342 83 128 63 121 59
4786142 88 143 57 112 56
4786478 87 136 41 94 54
4786510 88 145 38 85 58
4788844 82 133 46 105 60
4789431 85 141 38 91 57
4791277 83 143 35 86 61
4791413 88 144 32 78 57
4793120 83 143 33 83 61
4793421 82 139 39 96 58
4793488 83 134 52 107 56
4795031 80 136 53 109 57
4795185 85 146 40 96 62
4797125 85 144 41 97 60
4798071 82 139 46 105 60
4800341 93 130 63 109 47
4800419 83 143 37 90 61
4802830 88 136 39 86 49
4803232 85 128 37 82 46
4803536 88 146 50 103 59
4803700 83 143 50 98 61
4806818 85 131 36 95 60
4809367 85 133 43 91 49
4811628 85 140 42 90 56
4811748 82 133 61 118 58
4811815 83 141 37 89 59
4813043 86 141 43 98 56
4813057 83 133 55 98 51
4815682 92 136 46 92 47
4816300 86 135 58 123 66
4817344 87 138 35 84 52
4821821 88 141 37 85 54
4823194 79 126 49 102 54
4826309 82 131 48 105 58
4826350 92 143 45 88 52
4828661 88 143 29 80 56
4829457 85 134 55 104 50
4831024 83 130 63 118 56
4831731 83 149 34 87 67
4832786 86 141 43 91 56
4833056 87 144 38 93 58
4834155 85 144 23 81 60
4834296 83 136 44 102 59
4834778 83 141 37 92 59
4835568 87 130 42 95 54
4836028 79 136 46 112 67
4837980 83 147 36 92 65
4842030 85 143 46 103 59
4844292 82 141 34 91 60
4844358 83 141 40 91 59
4845251 80 128 47 100 54
4845825 87 136 34 82 50
4846916 87 133 48 95 48
4847393 85 141 30 77 57
4847930 85 136 40 91 52
4849574 83 134 32 84 53
4849941 82 133 39 92 54
4850417 82 141 50 110 61
4851170 85 151 29 84 67
4851210 87 141 41 92 55
4852352 85 140 50 103 56
4854270 86 146 42 98 61
4854299 80 126 55 111 57
4854405 80 123 60 106 47
4856329 79 141 40 97 63
4856620 87 130 45 100 56
4856763 80 138 43 97 59
4863023 87 143 42 92 57
4863187 83 130 55 108 54
4863753 85 128 60 111 52
4864899 85 141 48 103 57
4866132 86 140 55 106 55
4868565 87 143 44 97 57
4869163 85 139 21 67 55
4870640 87 138 41 87 52
4871327 83 138 42 90 56
4872006 85 131 45 97 53
4872638 87 143 35 87 57
4873301 87 141 23 63 55
4873768 88 138 42 90 51
4877991 85 136 53 106 54
4879002 69 130 45 106 62
4879836 92 138 47 94 48
4880566 85 143 43 102 60
4881054 83 133 43 102 60
4882833 79 130 47 103 57
4883359 85 130 67 118 52
4883840 85 126 60 113 54
4884005 88 143 47 97 56
4884258 85 145 37 85 61
4884550 86 140 50 109 60
4887391 72 136 42 100 65
4887565 86 145 45 90 60
4888648 85 143 53 105 59
4889719 85 138 71 124 54
4889978 86 140 42 88 55
4891782 75 139 37 101 65
4896170 75 131 44 110 67
4896397 83 138 55 109 56
4898355 82 138 43 97 57
4899378 85 133 37 90 54
4900836 77 133 44 103 60
4901226 83 126 55 108 54
4901572 82 139 31 85 58
4902134 83 143 39 91 61
4902403 83 149 38 96 67
4903133 85 143 40 93 59
4904187 78 146 40 96 69
4907083 87 136 52 105 54
4907207 74 125 36 93 58
4907401 87 130 56 100 45
4907485 82 141 31 80 60
4908992 80 130 50 103 54
4911641 83 140 55 118 64
4912575 88 138 35 83 51
4915936 87 133 43 94 52
4916498 82 138 54 102 57
4916530 85 120 50 101 52
4917807 80 138 37 90 59
4918598 80 139 39 95 60
4918711 88 138 39 85 51
4920043 79 130 37 99 63
4921842 93 143 48 94 51
4922869 77 125 48 93 49
4924505 85 134 45 93 50
4924721 82 130 46 92 49
4927295 74 134 31 81 61
4927753 88 138 55 106 52
4927989 85 138 39 86 54
4935938 87 138 44 97 54
4936245 85 134 50 103 54
4937109 80 133 40 82 54
4937393 77 138 44 103 62
4937832 92 143 51 99 52
4938514 85 141 53 116 64
4938981 85 149 38 96 65
4941269 88 134 45 93 49
4942913 93 131 61 105 45
4943137 87 133 48 96 49
4943892 83 144 34 90 62
4946206 83 118 53 105 53
4946747 90 139 37 83 50
4947953 83 141 34 88 59
4950034 72 130 51 114 64
4950767 85 143 42 95 59
4951699 83 143 40 93 61
4951952 87 136 49 103 55
4952917 86 143 51 105 58
4953203 87 144 43 102 60
4955962 85 141 26 74 57
4956806 82 128 60 112 53
4958000 86 140 60 114 55
4958336 85 138 48 103 56
4959465 87 134 37 83 48
4959578 82 141 33 93 61
4959591 88 140 43 90 53
4959844 74 139 41 104 66
4960504 83 143 43 94 61
4965325 85 141 38 90 57
4965575 80 146 37 86 67
4965828 83 141 40 91 59
4966320 87 143 39 87 57
4967226 79 133 34 80 55
4968331 83 145 37 86 63
4970107 80 139 50 106 60
4971090 82 131 43 97 55
4971113 77 136 44 105 62
4975311 85 141 57 104 57
4975981 87 143 41 99 59
4977197 85 148 50 106 64
4978203 85 148 37 86 64
4978650 92 144 49 108 60
4980229 87 138 38 90 53
4981109 78 140 32 86 63
4982416 87 136 26 69 50
4986630 83 144 41 97 62
4986953 91 145 48 90 55
4987967 85 133 43 102 60
4988213 87 143 42 97 57
4988736 83 128 45 97 53
4990574 90 136 46 88 47
4990639 83 125 47 102 56
4991182 85 141 38 92 57
4992994 87 136 43 101 59
4993057 83 136 48 94 54
4993921 91 138 55 103 49
4994465 83 144 38 96 62
4995916 80 126 42 94 53
4996596 80 139 44 102 60
4998943 80 138 42 100 59
4999387 85 133 32 83 52
4999492 83 136 44 102 59
5002026 80 146 40 100 67
5002179 79 121 42 93 52
5002669 85 151 39 95 67
5003130 83 140 55 111 58
5005721 83 134 51 103 53
5006342 90 138 53 105 53
5007355 85 136 37 85 52
5010392 88 141 24 75 54
5012236 77 131 37 97 61
5015123 85 138 31 82 54
5015506 88 143 48 100 56
5016137 82 139 37 89 58
5016453 85 139 52 113 62
5016676 86 128 66 114 49
5016958 87 144 36 86 58
5017554 83 143 32 85 61
5019425 82 133 47 97 52
5019657 80 130 49 105 57
5019678 85 128 60 109 50
5020255 82 151 43 101 70
5020683 85 135 53 109 57
5023553 85 143 46 93 59
5026286 85 141 50 93 57
5026642 85 141 32 77 57
5026696 87 146 37 91 60
5026801 86 135 56 111 56
5028037 85 128 57 113 57
5028576 85 141 51 109 59
5028627 83 146 48 108 64
5028764 88 143 51 103 56
5030359 80 138 41 93 59
5031353 75 125 25 76 52
5034587 83 133 45 98 54
5034696 85 133 45 99 55
5035134 86 133 55 105 51
5036738 85 138 42 91 54
5036941 85 139 39 95 57
5038108 80 130 61 113 53
5038700 88 141 40 88 54
5039817 87 139 36 85 53
5039892 85 131 58 111 54
5040011 80 139 37 102 66
5041568 87 136 42 92 51
5042071 82 138 49 105 57
5042447 87 149 44 92 63
5044516 86 143 45 91 58
5049786 74 134 44 105 62
5050187 83 125 36 89 54
5050833 82 133 50 108 59
5053091 85 139 35 85 55
5053917 85 144 35 85 60
5054045 82 136 42 103 62
5055438 83 136 47 98 54
5056009 80 125 56 111 56
5056139 85 131 43 94 52
5057575 83 136 44 100 57
5057784 80 149 37 100 70
5059446 82 133 47 106 60
5060389 86 145 45 91 60
5063765 75 130 42 95 56
5064490 83 141 40 93 59
5064626 82 130 36 89 54
5066008 79 141 47 105 63
5066573 82 136 73 126 55
5068235 77 131 53 113 61
5068825 85 136 46 98 53
5069760 85 136 36 89 54
5071020 80 143 40 93 64
5071195 87 138 46 86 52
5071990 83 135 51 106 56
5073225 82 130 54 100 49
5077036 85 143 46 95 59
5078974 98 139 49 107 59
5080693 88 138 28 75 51
5081959 83 136 44 102 59
5082197 87 144 41 96 58
5082475 85 138 46 95 54
5083932 88 136 51 108 58
5084562 85 143 34 90 59
5085502 88 143 37 86 56
5085921 86 136 40 90 51
5086291 83 145 40 96 63
5086814 85 138 41 95 55
5089670 80 133 56 116 61
5093745 87 133 37 81 47
5095811 82 134 50 108 59
5097186 82 140 50 114 65
5097338 83 141 38 94 59
5097579 85 139 50 101 55
5098094 88 143 44 99 56
5098919 85 143 33 78 59
5099578 88 138 54 104 51
5100984 90 143 25 73 54
5101726 79 144 41 108 68
5102420 85 136 47 103 57
5102891 80 143 48 108 64
5103110 77 133 49 104 57
5106971 80 133 56 109 54
5108606 83 130 52 107 56
5109071 82 144 40 102 63
5112215 79 138 38 102 65
5115733 85 134 44 91 50
5117819 85 146 37 95 62
5118200 85 131 48 93 47
5119255 86 136 38 85 51
5121857 104 160 85 120 57
5122834 87 141 52 102 55
5123286 94 157 75 122 64
5124304 79 136 46 103 58
5124718 82 141 43 93 60
5127426 90 138 39 87 49
5128634 88 146 42 95 59
5128656 70 117 50 118 69
5131049 87 146 42 93 60
5132608 82 136 42 93 55
5135449 83 134 54 113 60
5141143 85 145 42 95 61
5143911 86 145 43 98 60
5145450 79 134 50 110 61
5146968 83 141 40 95 59
5150203 83 131 63 116 54
5152622 88 138 46 94 51
5153721 83 138 48 106 59
5154317 83 131 47 93 49
5155520 85 146 26 72 62
5155589 82 143 38 98 62
5156773 85 140 45 91 56
5157511 85 139 33 88 56
5157682 85 138 46 99 54
5158162 87 138 47 98 52
5158474 82 125 43 98 56
5158925 85 136 62 113 52
5159283 87 128 36 89 54
5159558 79 130 49 107 59
5159585 79 136 37 92 58
5160668 87 147 32 81 61
5161449 85 141 50 106 57
5162739 87 143 58 110 57
5163185 85 136 50 111 62
5164318 82 131 54 109 56
5164704 87 141 26 70 55
5166023 82 133 50 103 54
5166168 80 126 45 98 54
5168987 83 143 42 95 61
5169985 85 138 49 101 54
5170096 82 133 49 113 65
5170374 87 128 54 104 51
5170441 85 146 41 96 62
5170509 88 138 53 101 51
5170891 83 138 51 107 57
5171556 82 134 44 107 64
5174269 82 138 51 101 57
5178447 87 144 36 87 58
5181865 79 130 48 104 57
5182013 83 143 46 108 63
5183309 83 133 44 92 51
5184089 85 138 46 102 57
5186495 83 138 50 103 56
5188595 85 130 46 94 49
5189502 82 133 49 106 58
5193016 85 143 42 98 59
5193920 88 139 43 94 52
5194380 85 138 33 78 54
5197877 92 141 51 110 60
5198034 87 144 27 70 58
5198287 87 149 43 93 63
5199913 85 149 28 85 65
5200400 83 145 37 91 63
5201958 83 148 43 95 66
5204047 90 135 48 91 46
5207012 85 136 35 81 52
5214482 88 143 47 97 56
5215551 87 136 30 81 52
5216113 80 134 32 93 62
5221291 82 143 37 90 62
5221971 88 143 42 85 56
5222429 87 136 52 98 50
5223223 83 138 46 108 63
5224160 80 133 55 114 60
5225735 85 141 48 105 58
5225797 87 136 27 78 52
5225813 87 143 32 84 57
5227249 82 131 56 115 60
5228557 82 144 40 96 63
5229507 87 139 43 96 54
5231344 87 134 50 105 56
5231791 82 133 46 100 55
5232250 87 133 48 101 54
5232396 82 133 48 102 55
5233257 83 125 56 110 55
5233524 88 138 42 86 51
5234288 77 130 58 123 66
5234959 86 143 45 96 58
5235352 82 134 44 102 59
5236166 87 138 32 86 55
5236803 85 140 50 98 56
5238505 83 141 50 95 59
5238973 88 131 56 108 53
5240046 85 143 40 86 59
5240735 87 138 34 84 52
5245704 85 134 57 108 52
5246524 87 133 41 85 47
5247543 85 138 42 92 54
5248425 86 135 60 114 55
5248517 78 135 46 108 63
5249792 85 139 44 93 55
5250360 76 133 77 130 58
5250990 91 131 55 106 52
5252801 83 125 52 105 54
5253650 82 146 40 97 65
5254421 86 135 51 103 53
5255498 88 145 48 105 58
5255934 80 134 38 99 62
5261087 80 130 55 106 52
5262444 80 145 45 103 66
5264536 88 136 36 85 50
5266198 87 126 43 97 55
5266272 82 135 46 90 54
5271872 83 131 41 96 56
5272400 85 136 40 89 52
5274500 85 133 58 108 51
5279435 86 140 58 114 57
5281233 87 146 30 68 60
5281879 85 134 45 98 54
5283546 82 138 46 105 60
5284088 88 143 40 88 56
5285129 82 130 57 115 59
5286087 88 139 39 95 57
5286756 85 133 54 107 54
5287455 83 131 50 111 62
5288725 79 134 46 99 56
5288750 88 143 38 85 56
5288958 78 141 40 95 64
5290920 83 133 64 119 56
5291567 85 130 53 109 57
5293109 85 133 48 105 58
5293992 85 138 41 92 54
5298523 85 141 45 96 57
5299052 82 140 40 86 59
5299162 85 139 43 96 55
5300076 85 143 43 97 59
5301349 87 143 39 99 61
5301543 85 133 44 92 49
5302934 82 135 53 105 54
5305951 85 140 48 100 56
5306109 82 149 29 84 68
5306605 78 140 48 108 63
5306614 80 120 48 100 53
5308215 82 131 48 99 52
5310958 80 141 34 87 62
5311365 87 139 30 83 54
5311542 83 141 49 102 59
5311904 83 131 48 96 49
5315643 72 130 50 109 60
5316673 80 130 51 114 64
5316902 77 131 50 108 59
5318192 83 138 42 92 56
5319688 77 144 31 95 68
5320331 83 134 43 90 52
5321340 83 136 51 106 56
5322734 82 134 33 84 53
5324093 79 143 46 110 65
5325835 77 138 46 109 64
5325937 82 138 48 106 59
5325949 90 136 61 109 49
5330739 88 126 56 107 52
5333956 86 138 60 111 53
5334186 79 136 40 104 65
5334452 88 141 37 88 54
5335457 70 128 41 109 69
5337052 82 134 61 112 53
5338089 88 131 54 102 49
5338461 87 138 46 99 54
5339493 85 140 45 96 56
5340386 82 133 46 99 54
5340774 80 143 51 118 68
5343031 85 136 43 100 58
5343515 88 148 45 93 61
5346113 90 145 50 101 56
5346467 87 136 47 97 51
5346894 85 141 53 98 57
5351712 72 128 43 107 65
5353590 83 138 43 95 56
5354412 88 126 38 84 47
5356919 103 162 79 123 60
5357721 87 144 33 88 58
5358497 88 145 48 108 61
5361478 83 136 55 111 57
5361770 80 130 61 116 56
5362258 83 138 47 102 56
5363357 79 136 48 109 62
5363736 83 125 64 118 55
5364033 85 134 31 79 50
5364146 80 138 45 106 62
5367101 90 134 60 110 51
5369423 82 130 51 112 62
5370376 87 131 46 99 54
5370592 88 146 30 78 59
5371493 85 135 55 114 60
5372460 87 149 42 96 63
5372745 80 141 46 97 62
5373200 83 138 56 108 56
5374996 82 136 46 105 60
5377325 88 145 40 93 58
5379081 80 135 40 83 56
5382391 88 138 50 103 54
5384514 82 133 41 104 64
5386702 86 148 42 96 63
5389336 80 136 48 112 65
5390346 83 143 31 85 61
5391371 78 140 43 98 63
5391402 83 140 60 109 58
5392922 88 136 52 102 51
5393141 92 144 33 89 57
5393417 87 138 60 112 53
5395013 82 133 45 102 58
5395263 83 141 44 100 59
5395674 82 130 40 94 55
5395898 82 145 37 88 64
5396817 80 135 42 90 56
5397661 87 138 43 89 52
5397773 87 136 39 89 51
5398157 87 125 55 107 53
5401156 86 141 60 114 56
5401215 82 140 45 106 62
5401672 83 143 42 98 61
5402635 87 136 41 95 55
5403029 83 146 38 95 64
5403151 87 143 34 80 57
5404234 87 133 41 91 51
5404882 77 133 50 109 60
5405449 80 143 41 97 64
5411151 78 126 58 109 52
5414031 79 130 36 87 52
5414158 82 133 44 100 57
5414400 69 125 36 94 59
5414617 88 136 63 113 51
5415855 85 131 52 101 50
5418943 80 135 46 106 61
5419162 87 143 43 97 57
5423675 90 143 51 107 57
5424335 79 125 47 93 47
5426866 80 149 30 86 70
5426873 87 134 36 83 48
5427835 85 143 30 81 59
5430030 77 135 46 106 61
5432029 83 139 36 85 57
5432176 79 118 41 87 47
5432303 90 143 41 87 54
5435570 82 143 41 100 62
5436291 87 131 44 93 50
5436814 85 146 45 100 62
5437809 88 143 50 98 56
5438016 83 145 45 95 63
5440303 87 131 44 93 50
5441760 83 146 40 95 64
5443686 85 139 41 93 55
5444856 85 145 42 88 61
5445400 82 143 43 99 62
5447307 86 138 58 113 56
5448262 78 130 50 106 57
5450257 72 136 43 103 65
5452208 92 146 80 120 55
5452871 85 135 58 108 51
5453679 87 139 57 111 55
5454697 87 126 55 108 54
5455098 85 146 37 91 62
5457392 83 131 32 80 49
5457544 82 138 50 108 59
5458255 87 139 27 70 53
5460174 83 138 36 95 60
5460426 88 143 42 93 56
5460849 88 138 59 113 55
5461737 85 146 41 97 62
5463058 87 139 46 100 55
5463780 85 138 35 80 54
5464338 82 141 46 103 60
5467215 88 143 43 90 56
5471067 83 146 31 87 64
5471122 87 143 36 87 57
5472903 80 143 46 102 64
5473911 85 135 50 105 56
5473994 83 136 45 94 54
5474967 82 143 45 93 62
5476374 83 138 49 110 62
5477329 82 146 37 96 65
5484216 88 136 49 93 49
5488313 85 136 33 83 52
5490083 85 141 51 105 57
5493031 85 136 34 87 54
5496126 88 138 33 76 51
5496639 85 136 52 101 52
5499245 79 144 46 105 66
5501293 86 136 61 113 53
5501788 85 136 39 87 52
5502286 82 134 47 100 54
5504095 82 135 53 121 69
5505085 88 143 47 95 56
5507984 87 143 30 71 57
5508468 83 138 39 90 56
5509718 88 139 32 84 53
5512151 85 133 60 113 54
5514454 73 123 68 124 57
5515513 82 125 46 94 49
5517578 79 126 44 104 61
5521307 90 141 42 90 52
5521599 83 133 41 88 51
5524194 87 141 47 95 55
5524209 83 133 51 108 58
5524899 85 148 40 90 64
5525114 85 139 33 79 55
5525246 88 138 38 85 51
5525504 86 148 48 98 63
5526494 85 138 45 94 54
5526506 86 146 42 98 61
5527028 82 148 48 105 67
5527488 82 141 45 94 60
5529014 90 141 36 89 54
5530691 83 134 33 86 54
5532051 87 141 39 93 55
5534013 78 138 50 105 61
5536458 83 144 38 96 62
5537468 83 138 37 96 60
5537562 78 133 50 108 59
5538428 75 121 51 97 47
5540230 88 143 48 96 56
5541304 86 138 53 103 53
5542920 83 133 48 101 54
5545632 87 138 38 85 52
5546704 86 141 43 93 56
5548162 82 126 46 96 51
5548853 85 133 60 119 60
5552309 83 136 46 97 54
5552562 79 141 39 97 63
5553825 83 133 55 113 59
5556800 83 143 29 78 61
5557203 88 143 40 86 56
5557332 87 139 44 87 53
5557818 85 136 45 99 55
5557875 79 125 29 97 69
5558080 80 144 34 94 65
5558279 87 143 34 81 57
5561041 87 138 54 103 52
5561149 85 147 32 93 63
5562134 83 143 54 108 61
5562141 92 143 25 73 52
5562421 85 136 43 92 52
5564660 85 131 57 109 53
5564729 80 131 51 108 58
5565042 87 138 32 75 52
5565637 85 143 44 95 59
5565673 80 122 68 121 54
5567447 85 143 35 92 59
5568022 82 128 42 88 47
5568171 85 131 54 115 62
5572093 82 146 42 93 65
5572268 85 131 57 110 54
5572682 87 136 52 106 55
5572916 82 130 34 82 49
5573806 82 141 50 113 64
5580759 83 133 47 103 57
5582751 87 139 34 81 53
5582845 83 138 34 92 59
5583488 82 128 51 109 59
5584255 85 134 41 97 57
5584347 80 135 53 111 59
5584491 85 143 45 91 59
5586062 83 140 48 103 58
5588602 88 146 28 79 59
5589266 85 139 37 88 55
5591907 83 141 38 94 59
5592718 88 139 29 74 52
5592825 82 136 40 91 55
5593169 83 138 46 101 56
5595050 85 139 46 99 55
5595514 83 136 49 107 59
5596915 90 143 50 98 54
5600940 82 138 41 100 60
5602394 87 146 31 84 60
5603273 87 123 55 106 52
5603412 82 133 42 103 62
5604165 85 130 38 91 54
5606557 83 141 42 98 59
5607967 83 135 56 114 59
5609878 72 118 47 103 57
5610284 87 136 31 82 52
5610474 80 133 49 107 59
5613253 82 130 51 95 49
5615423 87 139 47 96 53
5617567 85 133 43 104 62
5618595 82 139 48 104 58
5618713 74 146 37 110 74
5619043 87 136 36 88 53
5619930 82 133 56 110 55
5619946 80 131 59 118 60
5620442 88 148 63 114 61
5620682 88 143 38 86 56
5620990 83 139 39 92 57
5622125 72 126 39 97 59
5624430 82 131 60 107 50
5624627 79 134 47 107 61
5625187 85 125 60 109 50
5627046 88 143 32 84 56
5627338 79 133 65 123 59
5629996 88 139 45 96 52
5631674 88 143 32 77 56
5632691 79 144 24 75 66
5633207 83 144 36 92 62
5634931 72 123 50 113 64
5634999 82 136 51 107 57
5635402 87 139 26 67 53
5638257 79 143 41 96 65
5641462 87 131 38 89 52
5641637 85 143 46 106 61
5645104 85 133 68 116 49
5647000 83 139 39 98 60
5648656 85 139 40 93 55
5651049 83 131 53 109 57
5653945 85 141 38 92 57
5656726 85 134 40 93 54
5657894 77 135 51 109 59
5658263 83 133 56 112 57
5660806 83 138 44 102 59
5661881 87 139 37 85 53
5663936 80 133 41 96 56
5665980 79 138 28 84 60
5666110 90 141 47 105 59
5671735 83 143 38 88 61
5671957 85 130 55 105 51
5671984 88 130 38 90 53
5674057 78 133 46 100 56
5675790 85 133 27 83 57
5676335 87 143 43 102 60
5677292 86 138 53 103 53
5677415 85 141 39 95 57
5679442 85 141 47 103 57
5679500 79 138 35 93 60
5679676 87 139 34 84 53
5681559 83 134 41 90 52
5684204 85 140 48 105 58
5685512 83 128 66 121 56
5687952 87 133 37 87 51
5687966 88 139 33 86 54
5688587 75 130 61 126 66
5690236 90 139 36 81 50
5695393 82 134 50 97 53
5696672 88 140 35 77 53
5697179 83 143 39 91 61
5698859 82 140 42 100 59
5699044 78 145 48 101 68
5700340 80 145 38 95 66
5702650 85 134 45 104 60
5703847 90 136 43 91 49
5704400 88 143 32 88 57
5705020 87 136 41 87 50
5705869 90 140 63 111 51
5706602 90 141 51 105 55
5706995 82 141 32 87 60
5707086 82 133 48 104 57
5710229 88 133 46 94 49
5710507 87 139 26 75 53
5712372 82 125 51 107 57
5715142 87 134 42 88 48
5716147 85 138 46 92 54
5719571 80 140 46 93 61
5720978 80 139 46 111 66
5724935 88 143 47 99 56
5726455 82 145 46 98 64
5727515 85 133 53 107 55
5730322 85 128 58 113 56
5731746 83 139 46 105 60
5732375 82 134 38 89 53
5734779 85 136 61 109 52
5735796 85 133 41 87 49
5737172 85 138 54 106 54
5738685 83 143 33 86 61
5739026 82 136 55 109 55
5740286 83 141 42 100 59
5741488 87 151 51 110 65
5742712 88 143 50 97 56
5742855 85 139 38 86 55
5743163 83 139 39 100 62
5744863 77 135 46 105 60
5745634 87 139 42 93 53
5748718 80 136 48 103 57
5749121 87 136 47 101 55
5749575 87 136 44 92 50
5751601 88 134 41 87 47
5751908 88 139 36 84 52
5756500 88 141 29 74 54
5756736 87 138 40 91 52
5757171 88 141 33 85 54
5757389 77 141 42 106 65
5760049 88 139 44 89 52
5761273 85 138 42 86 54
5761340 87 130 46 97 52
5762669 87 149 32 78 63
5765012 85 144 43 97 60
5765157 83 131 42 88 49
5765505 87 131 46 87 45
5766127 77 134 46 105 60
5767061 87 139 28 77 53
5767285 83 148 42 96 66
5768161 80 136 47 115 69
5769974 85 146 26 80 62
5770082 112 168 78 123 57
5770230 92 141 36 85 50
5773071 78 126 60 111 52
5773220 85 130 44 99 56
5773359 85 146 43 92 62
5777429 87 141 29 75 55
5781088 88 138 30 78 51
5782487 85 147 31 95 65
5782601 80 133 39 99 61
5788772 82 130 51 106 56
5790147 82 131 58 109 52
5792175 80 143 46 105 64
5793802 88 143 29 76 56
5793831 85 130 57 109 53
5798704 85 139 42 89 55
5800394 85 138 32 79 54
5801396 80 121 48 106 59
5802828 80 131 41 94 54
5806295 83 144 29 83 62
5807379 82 135 51 108 58
5807754 67 136 38 93 70
5808042 87 138 43 94 52
5810153 87 136 40 94 55
5811208 85 139 37 95 59
5811669 88 138 66 114 51
5813703 82 141 37 90 60
5814822 87 139 50 101 53
5818600 83 133 45 94 51
5820733 82 126 48 101 54
5822735 82 141 37 83 60
5823189 80 123 53 111 59
5823421 83 141 36 96 61
5824625 87 139 37 86 53
5824972 88 139 48 97 52
5826477 88 144 32 85 57
5827482 85 133 50 100 51
5830028 80 143 40 88 64
5831295 86 143 38 82 58
5832002 85 131 68 118 51
5832775 87 141 43 87 55
5833121 82 125 49 104 56
5834020 80 130 56 115 60
5838035 88 131 32 75 44
5841676 85 138 35 81 54
5841964 75 130 50 102 56
5842535 85 141 47 103 57
5845456 87 138 46 97 52
5847577 83 136 60 108 54
5848136 85 148 51 109 64
5849726 85 133 46 106 61
5850298 80 131 32 95 64
5851177 85 140 46 93 56
5851301 85 131 54 107 54
5851457 88 133 54 105 52
5851612 85 138 39 91 54
5852124 88 136 50 93 49
5853442 79 139 40 96 61
5854828 87 143 48 99 57
5856880 82 136 46 100 55
5856944 87 134 49 99 51
5857603 82 138 55 103 57
5857871 85 141 45 90 57
5857938 85 133 60 113 54
5859207 87 141 32 78 55
5859289 87 136 32 77 50
5861160 80 135 50 96 56
5865058 87 138 38 90 53
5866038 85 136 38 92 55
5870192 86 143 53 109 58
5870309 82 133 40 94 55
5873335 83 126 59 110 52
5873848 88 138 50 103 54
5875035 82 148 38 91 67
5879119 83 134 57 108 52
5881891 80 145 45 103 66
5883419 86 125 56 106 51
5883773 80 130 50 116 67
5884070 90 141 60 113 54
5886207 80 133 39 97 59
5886447 88 143 33 83 56
5887059 87 146 41 103 63
5887658 80 130 60 112 53
5888127 75 141 38 99 67
5892339 82 133 63 111 52
5894067 86 131 55 108 54
5895708 83 141 33 89 59
5897833 88 138 45 91 51
5897956 87 141 49 103 55
5898282 85 138 48 99 54
5899309 86 136 58 109 52
5901468 85 151 40 95 67
5901534 77 136 37 101 65
5902708 85 149 43 96 65
5903049 85 133 51 107 57
5904581 74 115 48 109 62
5905560 85 133 40 96 57
5906750 85 143 33 85 59
5907006 86 130 53 109 57
5907419 82 131 42 95 54
5907890 82 145 40 96 64
5911313 87 134 45 94 50
5911417 83 126 58 114 57
5911950 87 139 44 97 54
5913987 80 126 42 97 56
5914703 82 138 35 90 57
5915501 85 141 40 91 57
5915641 87 130 60 108 49
5916040 85 139 45 97 55
5918240 80 133 69 126 58
5925175 82 134 45 98 54
5928822 87 138 47 107 61
5930433 88 141 44 91 54
5933111 85 145 42 96 61
5935420 82 144 33 91 63
5935649 83 138 39 95 57
5937359 82 146 41 97 65
5937668 82 144 33 89 63
5938022 86 135 55 105 51
5940260 91 147 73 120 57
5940998 88 148 53 108 61
5941273 80 138 54 107 59
5942775 82 146 40 96 65
5944548 85 134 41 90 50
5944750 83 136 56 107 54
5945808 79 130 45 96 52
5946797 87 146 43 93 60
5949057 87 131 47 100 54
5951435 90 139 53 93 50
5952769 82 130 37 91 55
5956185 100 145 55 105 51
5958357 87 138 42 94 53
5958979 87 139 43 88 53
5960295 80 144 37 100 65
5961182 87 143 34 83 57
5962911 83 131 49 107 59
5963150 85 138 47 95 54
5963795 77 131 41 99 59
5966365 83 131 42 93 52
5966372 81 118 75 122 48
5969403 87 144 25 73 58
5969551 82 140 58 114 59
5969779 80 140 50 109 61
5970092 82 145 35 93 64
5977844 82 131 57 115 59
5977996 88 148 43 88 61
5978204 85 143 41 90 59
5978450 87 138 38 94 57
5984134 83 134 50 99 52
5986733 79 143 32 99 68
5987212 85 136 54 103 52
5988312 83 140 40 91 58
5988760 90 136 50 106 57
5990177 87 133 41 92 52
5992281 83 133 44 95 52
5993613 82 138 36 90 57
5994303 88 133 62 118 57
5994536 78 143 42 103 66
5995325 79 138 33 89 60
6000090 88 144 36 87 57
6000351 85 140 51 108 58
6001135 82 133 32 83 52
6001456 87 125 45 93 49
6001902 82 141 42 105 64
6003614 83 130 53 108 56
6003885 82 131 53 112 60
6004087 85 130 64 110 47
6004179 83 146 39 87 64
6004621 88 140 56 105 53
6006717 80 133 56 116 61
6009095 82 136 42 91 55
6009243 85 143 40 93 59
6009814 87 136 49 103 55
6010487 87 133 54 99 47
6015491 85 131 48 102 55
6016240 86 131 64 108 46
6016395 87 136 28 74 50
6019080 90 138 73 113 49
6019216 85 146 50 100 62
6020957 83 136 35 81 54
6022135 85 138 39 97 59
6023245 88 130 50 98 49
6023736 77 134 42 105 64
6026028 88 139 26 70 52
